1 0 0 0 1 0 1 1 0 0 0 0 3 2
1 0 0 0 1 0 1 1 0 0 0 0 2 13
1 0 0 0 1 0 1 1 0 0 0 0 5 3.0
0 1 0 0 0 0 1 0 0 0 0 0 2 10
1 0 1 0 0 0 -1 -1 -1 0 0 0 3 6
0 0 0 0 0 0 1 1 0 1 0 0 2 2
0 0 0 0 0 0 1 1 0 1 0 0 3 14
0 0 0 0 0 0 1 1 0 1 0 0 4 12
1 0 1 0 0 0 -1 -1 -1 0 0 0 4 14
1 0 1 0 0 0 -1 -1 -1 0 0 0 5 13
0 1 0 0 0 0 0 0 0 0 1 0 3 266.0
0 1 0 0 0 0 0 0 0 0 1 0 2 92.0
0 1 0 0 0 0 0 0 0 0 1 0 5 144.0
0 1 0 0 0 0 0 0 0 0 1 0 4 304.0
0 0 0 -1 -1 -1 0 0 0 -1 -1 -1 5 5
0 0 0 -1 -1 -1 0 0 0 -1 -1 -1 4 2
0 0 0 -1 -1 -1 0 0 0 -1 -1 -1 3 6
0 0 0 -1 -1 -1 0 0 0 -1 -1 -1 2 37
1 0 1 0 0 0 -1 -1 -1 0 0 0 2 4
0 1 0 0 0 0 0 1 0 1 1 0 3 12.0
0 1 0 0 0 0 0 1 0 1 1 0 2 10.0
0 1 0 0 0 0 0 1 0 1 1 0 5 10.0
0 1 0 0 0 0 0 1 0 1 1 0 4 12.0
0 0 0 -1 -1 -1 0 0 0 1 0 1 2 1
-1 -1 -1 1 1 0 0 1 0 0 0 0 3 4
-1 -1 -1 1 1 0 0 1 0 0 0 0 2 8
0 0 0 0 1 0 1 0 0 0 1 0 2 6
-1 -1 -1 1 1 0 0 1 0 0 0 0 4 52
0 1 0 1 0 0 0 0 0 0 0 0 3 2
0 1 0 1 0 0 0 0 0 0 0 0 2 1
0 1 0 1 0 0 0 0 0 0 0 0 4 5
0 0 0 1 1 0 0 1 0 -1 -1 -1 3 15.0
0 0 0 1 1 0 0 1 0 -1 -1 -1 2 25.0
0 0 0 1 1 0 0 1 0 -1 -1 -1 5 48.0
0 0 0 1 1 0 0 1 0 -1 -1 -1 4 78.0
0 1 0 1 0 0 1 1 0 1 1 0 2 35
1 0 1 0 0 0 -1 -1 -1 -1 -1 -1 3 1
0 1 0 1 0 0 1 1 0 1 1 0 4 7
0 1 0 -1 -1 -1 0 0 0 0 0 0 3 18
0 0 0 1 1 0 0 1 0 0 0 0 2 7
1 1 0 0 1 0 0 0 0 1 0 0 3 5
0 1 0 -1 -1 -1 0 0 0 0 0 0 2 25
0 0 0 0 1 0 0 0 0 0 1 0 3 86.0
0 0 0 0 1 0 0 0 0 0 1 0 2 177.0
0 0 0 0 1 0 0 0 0 0 1 0 5 173.0
0 0 0 0 1 0 0 0 0 0 1 0 4 110.0
1 0 0 1 1 0 0 1 0 -1 -1 -1 5 9
0 1 0 1 1 0 0 0 0 -1 -1 -1 3 24
10 N 3 2
10 N 2 16
10 N 5 1
10 N 4 3
0 0 0 1 1 0 0 1 0 0 0 0 4 14
0 1 0 0 0 0 -1 -1 -1 -1 -1 -1 4 7
0 0 0 0 0 0 0 1 0 1 0 0 3 22
0 0 0 -1 -1 -1 0 0 0 0 0 1 2 1
0 0 0 0 0 0 0 1 0 0 0 0 2 113.0
0 0 0 0 0 0 0 1 0 0 0 0 3 865.0
0 0 0 0 0 0 0 1 0 0 0 0 4 408.0
0 0 0 0 0 0 0 1 0 0 0 0 5 154.0
0 0 0 -1 -1 -1 0 0 0 0 0 1 4 8
0 0 0 1 1 0 0 1 0 1 1 0 2 2
0 1 0 0 0 0 -1 -1 -1 -1 -1 -1 5 28
0 0 0 0 1 0 0 1 0 1 0 0 2 3
0 0 0 0 1 0 0 1 0 1 0 0 3 14
0 0 0 0 1 0 0 1 0 1 0 0 4 4
0 0 0 0 1 0 0 1 0 1 0 0 5 10
0 0 0 0 1 0 0 1 0 1 1 0 3 5
0 1 0 0 0 0 1 1 0 0 1 0 3 4.0
0 1 0 0 0 0 1 1 0 0 1 0 2 3.0
0 1 0 0 0 0 1 1 0 0 1 0 5 82.0
0 1 0 0 0 0 1 1 0 0 1 0 4 8.0
0 1 0 0 1 0 1 0 0 0 1 0 3 53.0
0 1 0 0 1 0 1 0 0 0 1 0 2 112.0
0 1 0 0 1 0 1 0 0 0 1 0 5 29.0
0 1 0 0 1 0 1 0 0 0 1 0 4 113.0
0 1 0 0 0 0 0 1 0 0 0 0 3 169.0
0 1 0 0 0 0 0 1 0 0 0 0 2 191.0
0 1 0 0 0 0 0 1 0 0 0 0 5 194.0
0 1 0 0 0 0 0 1 0 0 0 0 4 175.0
0 0 0 1 1 0 0 1 0 0 1 0 3 9
0 0 0 1 1 0 0 1 0 0 1 0 2 8
0 1 0 0 1 0 1 1 0 0 0 0 5 16
0 1 0 0 0 0 -1 -1 -1 -1 -1 -1 3 1
-1 -1 -1 0 1 0 0 0 0 0 1 0 4 4
0 1 0 1 0 0 0 0 0 1 1 0 2 6
0 0 0 -1 -1 -1 1 0 1 0 0 0 2 1
0 0 0 -1 -1 -1 1 0 1 0 0 0 3 6
0 0 0 0 0 0 1 0 0 0 0 0 2 14
0 0 0 0 0 0 1 0 0 0 0 0 3 2
1 0 0 0 0 0 1 0 0 0 0 0 5 8
0 0 0 0 0 0 1 0 0 0 0 0 5 39
0 0 0 -1 -1 -1 1 0 1 0 0 0 4 1
0 0 0 1 1 0 0 0 0 0 0 0 3 7
0 0 0 1 1 0 0 0 0 0 0 0 2 3
0 0 0 1 1 0 0 0 0 0 0 0 5 9
0 0 0 1 1 0 0 0 0 0 0 0 4 10
0 1 0 1 1 0 0 0 0 1 0 0 3 2
0 0 0 0 1 0 0 0 0 1 1 0 2 12
0 1 0 1 1 0 0 0 0 1 0 0 2 1
0 0 0 0 1 0 0 0 0 1 1 0 4 1
1 1 0 -1 -1 -1 1 0 0 0 0 0 4 4
0 1 0 1 1 0 0 0 0 1 0 0 5 2
1 1 0 1 1 0 0 0 0 0 0 0 3 13
1 1 0 1 1 0 0 0 0 0 0 0 2 6
1 1 0 1 1 0 0 0 0 0 0 0 5 14
1 1 0 0 1 0 1 1 0 0 0 0 2 7
0 0 0 1 1 0 0 0 0 -1 -1 -1 2 11
0 0 0 0 1 0 0 1 0 1 1 0 2 1
0 0 0 1 1 0 0 0 0 -1 -1 -1 3 9
0 1 0 0 0 0 1 1 0 0 0 0 2 16
0 1 0 0 0 0 1 1 0 0 0 0 3 17
0 0 0 1 1 0 0 0 0 -1 -1 -1 4 3
0 1 0 0 0 0 1 1 0 0 0 0 4 6
0 0 0 1 1 0 0 0 0 -1 -1 -1 5 16
1 1 1 -1 -1 -1 1 0 1 0 0 0 4 3
0 0 0 0 1 0 1 1 0 -1 -1 -1 4 16
0 1 0 1 0 0 0 1 0 0 0 0 2 13.0
0 1 0 1 0 0 0 1 0 0 0 0 3 16
0 1 0 1 0 0 0 1 0 0 0 0 4 18
0 1 0 1 0 0 0 1 0 0 0 0 5 6
-1 -1 -1 0 1 0 0 0 0 1 0 0 4 7
0 0 0 0 0 0 0 1 0 -1 -1 -1 3 21
0 0 0 0 0 0 0 1 0 -1 -1 -1 2 4.0
0 0 0 0 0 0 0 1 0 -1 -1 -1 5 198.0
0 0 0 0 0 0 0 1 0 -1 -1 -1 4 3
1 1 0 0 1 0 1 0 0 0 0 0 3 1
1 1 0 0 1 0 1 0 0 0 0 0 2 16
1 1 0 0 1 0 1 0 0 0 0 0 4 5
1 0 0 1 1 0 0 1 0 0 0 0 3 7
1 0 0 1 1 0 0 1 0 0 0 0 2 3
1 0 0 1 1 0 0 1 0 0 0 0 5 22
1 0 0 1 1 0 0 1 0 0 0 0 4 14
1 0 0 1 1 0 1 0 0 0 0 0 5 3
0 1 0 -1 -1 -1 0 0 0 0 1 0 4 14
0 1 0 -1 -1 -1 0 0 0 0 1 0 5 3
-1 -1 -1 0 0 0 1 0 0 0 0 0 3 16
0 0 0 1 1 0 0 0 0 1 1 0 2 1
0 1 0 0 1 0 1 0 0 1 0 0 2 10
0 1 0 1 0 0 0 1 0 1 0 0 3 14.0
-1 -1 -1 0 0 0 1 0 0 0 0 0 4 14
1 1 0 0 1 0 0 0 0 0 0 0 2 4
1 1 0 0 1 0 0 0 0 0 0 0 3 24
1 1 0 0 1 0 0 0 0 0 0 0 4 27
1 1 0 0 1 0 0 0 0 0 0 0 5 11
0 1 0 0 1 0 0 0 0 1 1 0 3 32
0 1 0 0 1 0 0 0 0 1 1 0 2 46
0 1 0 0 1 0 0 0 0 1 1 0 5 34
0 1 0 0 1 0 0 0 0 1 1 0 4 68
0 0 0 -1 -1 -1 1 0 0 1 0 1 4 1
0 0 0 0 0 0 0 0 0 1 0 0 2 1
0 0 0 0 0 0 0 0 0 -1 -1 -1 2 82
0 0 0 0 0 0 0 0 0 -1 -1 -1 3 5
0 0 0 0 0 0 0 0 0 -1 -1 -1 4 13
0 0 0 0 0 0 0 0 0 -1 -1 -1 5 12
0 1 0 0 0 0 0 0 0 0 0 0 2 95
1 0 0 0 0 0 0 1 0 0 0 0 2 5
0 1 0 0 0 0 0 0 0 0 0 0 4 188
0 1 0 0 0 0 0 0 0 0 0 0 5 64
1 1 1 0 0 0 -1 -1 -1 0 0 0 2 10
1 1 1 -1 -1 -1 0 0 1 0 0 0 5 1
0 0 0 1 1 0 0 1 0 0 0 0 3 25
0 1 1 0 0 0 -1 -1 -1 0 0 0 3 7
0 0 0 -1 -1 -1 0 0 1 0 0 0 3 1
0 0 0 -1 -1 -1 0 0 1 0 0 0 2 2
1 1 0 1 0 0 0 0 0 0 1 0 3 12
1 0 1 1 0 0 -1 -1 -1 -1 -1 -1 5 1
1 0 1 1 0 0 -1 -1 -1 -1 -1 -1 2 1
1 1 0 1 0 0 0 0 0 0 1 0 4 2
0 0 0 1 1 0 0 1 0 0 0 0 5 3
0 0 0 1 1 0 1 0 0 0 0 0 3 1
0 0 0 1 1 0 1 0 0 0 0 0 5 1
0 1 0 0 0 0 0 0 0 1 1 0 2 16
0 1 0 0 0 0 0 0 0 1 1 0 3 10
0 1 0 0 0 0 0 0 0 1 1 0 4 11
0 1 0 0 0 0 0 0 0 1 1 0 5 12
1 0 0 1 1 0 0 0 0 0 1 0 2 5
0 0 0 0 1 0 0 0 0 1 0 0 3 9
0 0 0 0 1 0 0 0 0 1 0 0 2 11
0 1 0 0 0 0 1 1 0 -1 -1 -1 5 5
0 0 0 0 1 0 0 0 0 1 0 0 4 27
0 0 0 1 0 0 -1 -1 -1 0 0 0 3 1
0 0 0 1 0 0 -1 -1 -1 0 0 0 2 2
0 0 0 1 0 0 -1 -1 -1 0 0 0 5 1
1 1 0 1 1 0 0 1 0 0 1 0 3 14
1 1 0 1 1 0 0 1 0 0 0 0 2 3
1 1 0 1 1 0 0 1 0 0 0 0 3 15
1 1 0 1 1 0 0 1 0 0 0 0 4 4
1 1 0 1 1 0 0 1 0 0 0 0 5 1
0 0 0 1 0 0 0 1 0 0 1 0 2 1
0 0 0 1 0 0 0 0 0 0 0 0 5 1
0 1 0 1 1 0 0 0 0 1 1 0 2 12
0 1 0 0 0 0 0 1 0 1 0 0 3 2.0
0 1 0 1 1 0 0 0 0 1 1 0 4 3
0 0 0 0 1 0 0 1 0 0 0 0 3 223.0
0 0 0 0 1 0 0 1 0 0 0 0 2 296.0
0 0 0 0 1 0 0 1 0 0 0 0 5 474.0
0 0 0 0 1 0 0 1 0 0 0 0 4 270.0
1 0 1 0 0 0 -1 -1 -1 1 0 0 4 2
1 1 0 1 1 0 0 1 0 1 1 0 2 5
1 1 0 1 1 0 0 1 0 1 1 0 3 4
1 1 0 1 1 0 0 1 0 1 1 0 4 2
0 1 0 1 0 0 0 1 0 0 1 0 3 15
0 1 0 1 0 0 0 1 0 0 1 0 2 21.0
0 1 0 1 0 0 0 1 0 0 1 0 5 15
0 1 0 1 0 0 0 1 0 0 1 0 4 8
1 1 0 0 0 0 0 1 0 0 1 0 2 15
1 1 0 0 0 0 0 1 0 0 1 0 5 26
1 1 0 0 0 0 0 1 0 0 1 0 4 16
1 0 1 0 0 0 -1 -1 -1 -1 -1 -1 2 1
-1 -1 -1 0 0 0 0 0 0 0 0 0 2 52
-1 -1 -1 0 0 0 0 0 0 0 0 0 3 4
0 1 0 1 0 0 0 1 0 -1 -1 -1 3 2.0
1 1 0 0 0 0 1 1 0 0 0 0 2 1
1 1 0 0 0 0 1 1 0 0 0 0 5 10
1 1 0 0 0 0 1 1 0 0 0 0 4 3
-1 -1 -1 0 0 0 0 0 0 0 0 0 4 3
-1 -1 -1 0 0 0 0 0 0 0 0 0 5 5
-1 -1 -1 1 1 0 0 1 0 1 0 0 3 3
1 1 0 0 0 0 0 0 0 0 0 0 3 2
1 1 0 0 0 0 0 0 0 0 0 0 2 35
1 1 0 0 0 0 0 0 0 0 0 0 5 19
1 1 0 0 0 0 0 0 0 0 0 0 4 32
1 0 0 0 1 0 0 0 0 0 1 0 4 367.0
0 0 0 1 0 0 0 0 0 -1 -1 -1 3 1
0 0 0 1 0 0 0 0 0 -1 -1 -1 2 1
0 0 0 1 0 0 0 0 0 -1 -1 -1 5 12
1 0 0 0 1 0 0 0 0 0 1 0 5 309.0
1 0 0 1 1 0 0 0 0 0 0 0 2 6
1 0 0 1 1 0 0 0 0 0 0 0 3 2
1 0 0 1 1 0 0 0 0 0 0 0 4 2
1 0 0 1 1 0 0 0 0 0 0 0 5 7
0 0 0 1 1 0 0 1 0 0 1 0 5 7
0 0 0 1 1 0 -1 -1 -1 0 0 0 4 4
0 1 0 -1 -1 -1 0 0 0 0 0 0 4 1
0 1 0 0 1 0 0 0 0 0 0 0 3 184.0
0 1 0 0 1 0 0 0 0 0 0 0 2 306.0
0 1 0 0 1 0 0 0 0 0 0 0 5 302.0
0 1 0 0 1 0 0 0 0 0 0 0 4 1095.0
1 0 0 -1 -1 -1 1 0 0 0 0 0 2 2
1 0 0 -1 -1 -1 1 0 0 0 0 0 4 4
0 0 0 -1 -1 -1 1 0 0 0 1 0 3 11
-1 -1 -1 1 0 0 0 1 0 0 0 0 2 6
-1 -1 -1 1 0 0 0 1 0 0 0 0 3 4
-1 -1 -1 1 0 0 0 1 0 0 0 0 4 12
-1 -1 -1 1 0 0 0 1 0 0 0 0 5 2
0 0 0 1 1 0 0 0 0 0 1 0 3 2
0 0 0 1 1 0 0 0 0 0 1 0 4 8
0 0 0 1 1 0 0 0 0 0 1 0 5 11
0 0 0 1 1 0 1 1 0 -1 -1 -1 2 14
0 0 0 1 1 0 1 1 0 -1 -1 -1 3 8
1 1 0 0 1 0 0 1 0 0 1 0 2 36
1 1 0 0 1 0 0 1 0 0 1 0 3 114
1 1 0 0 1 0 0 1 0 0 1 0 4 25
1 1 0 0 1 0 0 1 0 0 1 0 5 22
0 0 0 1 1 0 1 1 0 -1 -1 -1 4 3
0 0 0 1 1 0 1 1 0 -1 -1 -1 5 13
0 1 0 0 1 0 1 0 0 0 0 0 2 24
0 1 0 0 1 0 1 0 0 0 0 0 3 9
0 1 0 0 1 0 1 0 0 0 0 0 4 24
0 0 0 -1 -1 -1 1 0 0 0 1 0 2 16
0 0 0 0 0 0 0 1 0 1 0 0 5 10
0 0 0 -1 -1 -1 1 0 0 0 1 0 4 8
1 1 0 0 0 0 0 1 0 0 0 0 5 16
0 1 0 -1 -1 -1 0 0 0 0 0 0 5 44
0 1 0 1 1 0 0 1 0 1 1 0 3 6
0 1 0 1 1 0 0 1 0 1 1 0 2 20
0 1 0 1 1 0 0 1 0 1 1 0 5 8
0 1 0 1 1 0 0 1 0 1 1 0 4 29
0 1 0 1 0 0 0 0 0 1 0 0 4 3
0 0 0 -1 -1 -1 0 0 0 0 0 0 2 192
0 0 0 -1 -1 -1 0 0 0 0 0 0 3 20
0 1 0 0 0 0 0 1 0 0 1 0 2 202.0
0 1 0 0 0 0 0 1 0 0 1 0 3 325.0
0 1 0 0 0 0 0 1 0 0 1 0 4 675.0
0 1 0 0 0 0 0 1 0 0 1 0 5 652.0
0 0 0 -1 -1 -1 0 0 0 0 0 0 4 14
0 0 0 -1 -1 -1 0 0 0 0 0 0 5 27
1 0 0 0 1 0 0 1 0 0 0 0 3 294.0
1 0 0 0 1 0 0 1 0 0 0 0 4 231.0
0 1 0 0 0 0 1 0 0 1 1 0 3 9
0 1 0 0 0 0 1 0 0 1 1 0 2 8
0 1 0 0 0 0 1 0 0 1 1 0 5 17
0 1 0 0 0 0 1 0 0 1 1 0 4 6
1 0 0 0 1 0 0 1 0 0 0 0 5 280
0 1 0 1 1 0 0 1 0 0 0 0 3 8
0 1 0 1 1 0 0 1 0 0 0 0 2 29
0 1 0 1 1 0 0 1 0 0 0 0 5 8
0 1 0 1 1 0 0 1 0 0 0 0 4 24
1 0 0 0 1 0 1 0 0 0 0 0 5 4
1 0 0 1 0 0 0 1 0 0 0 0 3 3
1 0 0 1 0 0 0 1 0 0 0 0 4 3
1 1 0 1 1 0 0 0 0 0 1 0 2 9
1 1 0 1 1 0 0 0 0 0 1 0 3 7
1 1 0 1 1 0 0 0 0 0 1 0 4 2
1 1 0 1 1 0 0 0 0 0 1 0 5 5
-1 -1 -1 0 0 0 -1 -1 -1 0 0 0 5 5
-1 -1 -1 0 0 0 -1 -1 -1 0 0 0 4 5
-1 -1 -1 0 0 0 -1 -1 -1 0 0 0 3 5
-1 -1 -1 0 0 0 -1 -1 -1 0 0 0 2 22
1 0 0 0 1 0 0 1 0 0 1 0 3 2084.0
1 0 0 0 1 0 0 1 0 0 1 0 2 2442.0
1 0 0 0 1 0 0 1 0 0 1 0 5 1973.0
1 0 0 0 1 0 0 1 0 0 1 0 4 2460.0
1 0 0 0 0 0 0 0 0 0 1 0 3 201
1 0 0 0 0 0 0 0 0 0 1 0 2 35
1 0 0 0 0 0 0 0 0 0 1 0 5 36
0 1 0 1 1 0 0 0 0 0 1 0 3 23
1 1 0 0 1 0 1 0 0 0 1 0 2 38.0
0 1 0 1 1 0 0 0 0 0 1 0 2 22
1 1 0 0 1 0 1 0 0 0 1 0 4 50.0
1 1 0 0 1 0 1 0 0 0 1 0 5 24.0
1 0 0 0 1 0 0 1 0 1 1 0 3 26
1 0 1 -1 -1 -1 1 0 1 0 0 0 2 1
0 1 0 1 1 0 0 0 0 0 1 0 5 13
1 0 0 0 1 0 0 0 0 0 0 0 3 22
0 1 0 1 0 0 0 1 0 1 0 0 2 49.0
1 0 0 0 1 0 0 0 0 0 0 0 5 41
0 1 0 0 1 0 0 1 0 1 0 0 3 12
1 0 1 -1 -1 -1 1 0 1 0 0 0 4 3
0 1 0 1 1 0 0 0 0 0 1 0 4 50
0 1 0 0 1 0 0 1 0 1 0 0 2 32
0 1 0 0 1 0 0 1 0 1 0 0 5 1
0 1 0 0 1 0 0 1 0 1 0 0 4 2
0 0 0 -1 -1 -1 1 0 0 0 1 0 5 5
0 1 0 0 0 0 -1 -1 -1 1 0 0 3 3
1 0 0 0 1 0 1 0 0 0 1 0 2 1
0 0 0 1 0 0 0 1 0 1 0 0 2 6
0 0 0 1 0 0 0 1 0 1 0 0 3 3
0 1 0 0 0 0 1 0 0 0 1 0 4 11.0
0 0 0 1 0 0 0 1 0 1 0 0 5 3
1 1 0 0 1 0 1 0 0 1 0 0 2 7
0 0 0 0 0 0 0 0 0 0 0 0 3 27
0 1 0 1 0 0 0 0 0 0 1 0 3 9
0 1 0 0 0 0 1 1 0 1 1 0 4 1
0 1 0 1 0 0 0 0 0 0 1 0 4 13
0 1 0 0 1 0 1 0 0 1 1 0 2 32
0 1 0 0 1 0 1 0 0 1 1 0 3 16
0 1 0 0 1 0 1 0 0 1 1 0 4 11
0 1 0 1 0 0 0 0 0 0 1 0 5 5
0 0 0 -1 -1 -1 1 0 0 1 0 0 2 8
0 0 0 -1 -1 -1 1 0 0 1 0 0 3 1
1 1 1 0 0 0 -1 -1 -1 1 0 0 2 1
0 0 0 0 0 0 -1 -1 -1 -1 -1 -1 5 22
0 0 0 0 0 0 -1 -1 -1 -1 -1 -1 4 25
0 0 0 0 0 0 -1 -1 -1 -1 -1 -1 3 21
0 0 0 0 0 0 -1 -1 -1 -1 -1 -1 2 161
0 1 1 -1 -1 -1 0 0 0 0 0 0 5 1
-1 -1 -1 0 1 0 1 0 0 0 0 0 2 10
-1 -1 -1 0 1 0 1 0 0 0 0 0 3 1
0 0 0 0 1 0 1 1 0 -1 -1 -1 3 4
0 0 0 0 1 0 1 1 0 -1 -1 -1 2 4
0 0 0 0 1 0 1 1 0 -1 -1 -1 5 29
0 1 0 0 0 0 1 1 0 0 0 0 5 1
1 0 0 0 0 0 0 1 0 0 1 0 2 110.0
1 0 0 0 0 0 0 1 0 0 1 0 3 210.0
1 0 0 0 0 0 0 1 0 0 1 0 4 355.0
1 0 0 0 0 0 0 1 0 0 1 0 5 171.0
0 0 0 0 0 0 1 0 0 1 1 0 3 42
0 0 0 -1 -1 -1 0 0 1 0 0 1 2 18
0 0 0 -1 -1 -1 0 0 1 0 0 1 4 4
-1 -1 -1 0 1 0 0 0 0 0 0 0 3 39
-1 -1 -1 0 1 0 0 0 0 0 0 0 2 74
0 1 0 0 1 0 1 1 0 0 1 0 2 27
0 1 0 0 1 0 1 1 0 0 1 0 3 79
0 1 0 0 1 0 1 1 0 0 1 0 4 43
0 1 0 0 1 0 1 1 0 0 1 0 5 26
-1 -1 -1 0 1 0 0 0 0 0 0 0 5 9
-1 -1 -1 0 1 0 0 0 0 0 0 0 4 23
1 0 0 0 0 0 0 1 0 0 0 0 3 9
-1 -1 -1 0 0 0 0 1 0 0 0 0 3 24
-1 -1 -1 0 0 0 0 1 0 0 0 0 2 4
0 1 0 0 0 0 -1 -1 -1 1 0 0 2 1
0 1 0 0 0 0 0 0 0 0 0 0 3 93
-1 -1 -1 0 0 0 0 1 0 0 0 0 5 1
-1 -1 -1 0 0 0 0 1 0 0 0 0 4 45
0 0 0 0 1 0 1 0 0 -1 -1 -1 2 4
0 0 0 0 1 0 1 0 0 -1 -1 -1 3 1
0 1 0 0 1 0 0 1 0 0 1 0 3 1643.0
0 1 0 0 1 0 0 1 0 0 1 0 2 660.0
0 1 0 0 1 0 0 1 0 0 1 0 5 251.0
0 1 0 0 1 0 0 1 0 0 1 0 4 415.0
0 0 0 0 1 0 1 0 0 -1 -1 -1 4 2
1 0 0 0 0 0 0 1 0 0 0 0 4 15
0 0 0 1 0 0 -1 -1 -1 0 0 0 4 27
-1 -1 -1 0 1 0 0 1 0 1 0 0 2 6
0 0 0 1 1 0 1 0 0 1 0 0 3 16
0 0 0 1 1 0 1 0 0 1 0 0 2 12
0 0 0 1 1 0 1 0 0 1 0 0 5 5
0 0 0 1 1 0 1 0 0 1 0 0 4 10
-1 -1 -1 0 1 0 0 1 0 1 0 0 5 1
1 1 0 0 0 0 0 0 0 0 1 0 2 10
1 1 0 0 0 0 0 0 0 0 1 0 3 19
1 1 0 0 0 0 0 0 0 0 1 0 4 5
1 1 0 0 0 0 0 0 0 0 1 0 5 8
0 0 0 0 1 0 0 1 0 0 1 0 2 266.0
0 0 0 0 1 0 0 1 0 0 1 0 3 544.0
0 0 0 0 1 0 0 1 0 0 1 0 4 688.0
0 0 0 0 1 0 0 1 0 0 1 0 5 481.0
0 1 0 1 0 0 0 0 0 0 1 0 2 4
0 0 0 0 0 0 0 0 0 0 0 0 2 258
0 0 0 0 0 0 0 0 0 0 0 0 5 32
0 0 0 0 0 0 0 0 0 0 0 0 4 30
0 0 0 0 1 0 -1 -1 -1 0 0 0 3 16
1 0 0 0 1 0 1 1 0 -1 -1 -1 2 8
1 0 0 1 0 0 1 0 0 0 0 0 2 3
1 0 0 0 1 0 1 1 0 -1 -1 -1 5 3
1 1 0 0 0 0 0 0 0 1 0 0 4 2
0 0 0 0 0 0 1 0 0 1 1 0 2 16
-1 -1 -1 0 0 0 -1 -1 -1 1 1 0 4 3
0 0 0 0 0 0 1 0 0 1 1 0 4 17
-1 -1 -1 0 0 0 -1 -1 -1 1 1 0 2 2
0 0 0 0 1 0 0 0 0 0 0 0 2 42
0 0 0 0 1 0 0 0 0 0 0 0 3 88
0 0 0 0 1 0 0 0 0 0 0 0 4 32
0 0 0 0 1 0 0 0 0 0 0 0 5 34
1 0 1 1 0 0 -1 -1 -1 -1 -1 -1 4 1
0 1 0 0 0 0 1 0 0 0 0 0 3 7
0 1 0 0 1 0 0 0 0 0 1 0 3 435.0
0 1 0 0 1 0 0 0 0 0 1 0 4 1678.0
0 1 0 0 1 0 0 0 0 0 1 0 5 655.0
1 0 1 1 0 0 -1 -1 -1 -1 -1 -1 3 1
0 0 1 -1 -1 -1 1 0 1 0 0 0 3 1
0 0 0 0 0 0 -1 -1 -1 0 0 0 2 10
0 0 0 0 0 0 -1 -1 -1 0 0 0 3 2
0 0 0 0 1 0 1 1 0 0 1 0 3 3
0 0 0 0 1 0 1 1 0 0 1 0 2 16
0 1 0 1 1 0 0 0 0 -1 -1 -1 4 28
0 1 0 0 1 0 0 0 0 -1 -1 -1 2 22
0 1 0 0 1 0 0 0 0 -1 -1 -1 3 107
0 0 0 0 1 0 1 0 0 1 1 0 3 4
0 0 0 0 1 0 1 0 0 1 1 0 2 22
0 0 0 0 1 0 1 0 0 1 1 0 5 7
1 1 0 1 0 0 0 1 0 0 1 0 5 16
0 1 0 0 1 0 0 0 0 -1 -1 -1 4 38
0 1 0 0 1 0 0 0 0 -1 -1 -1 5 9
0 1 0 0 1 0 0 0 0 1 0 0 2 14
0 1 0 0 1 0 0 0 0 1 0 0 3 13
0 1 0 0 1 0 0 0 0 1 0 0 5 17
0 1 0 1 1 0 0 1 0 0 1 0 2 19
0 1 0 1 1 0 0 1 0 0 1 0 3 10
0 1 0 1 1 0 0 1 0 0 1 0 4 8
0 1 0 1 1 0 0 1 0 0 1 0 5 6
1 1 0 0 0 0 0 1 0 0 0 0 3 33.0
0 0 0 0 0 0 1 0 0 1 1 0 5 9
0 1 0 1 1 0 0 0 0 1 1 0 3 9
0 1 0 0 0 0 0 1 0 -1 -1 -1 2 31
0 1 0 0 0 0 0 1 0 -1 -1 -1 3 23.0
0 1 0 0 0 0 0 1 0 -1 -1 -1 4 19
0 1 0 0 0 0 0 1 0 -1 -1 -1 5 77
0 1 0 0 1 0 1 0 0 -1 -1 -1 2 3
0 1 0 1 1 0 0 1 0 1 0 0 2 7
1 1 0 0 1 0 1 1 0 0 0 0 3 3
0 0 0 0 1 0 0 1 0 1 1 0 5 5
1 1 0 0 1 0 1 1 0 0 0 0 5 3
0 1 0 0 1 0 1 0 0 -1 -1 -1 4 10
1 1 0 1 0 0 0 1 0 0 0 0 2 3.0
0 1 0 -1 -1 -1 0 1 0 0 0 0 4 12
1 0 0 1 0 0 0 1 0 0 1 0 2 1
1 0 0 1 0 0 0 1 0 0 1 0 5 1
1 0 0 1 0 0 0 1 0 0 1 0 4 1
0 1 0 -1 -1 -1 0 1 0 0 0 0 5 28
1 1 0 1 1 0 0 1 0 0 1 0 2 2
0 0 0 -1 -1 -1 0 0 0 1 0 0 2 2
0 0 0 0 0 0 1 1 0 1 1 0 2 6
0 0 0 0 0 0 1 1 0 1 1 0 5 2
0 0 0 0 0 0 1 0 0 0 1 0 3 15
0 0 0 0 0 0 1 0 0 0 1 0 2 4
0 0 0 0 0 0 1 0 0 0 1 0 5 7
0 0 0 0 0 0 1 0 0 0 1 0 4 10
0 0 0 1 0 0 0 1 0 0 0 0 4 27
0 0 0 0 1 0 0 1 0 -1 -1 -1 2 27.0
0 0 0 0 1 0 0 1 0 -1 -1 -1 3 95.0
0 0 0 0 1 0 0 1 0 -1 -1 -1 4 249.0
0 0 0 0 1 0 0 1 0 -1 -1 -1 5 1491.0
1 1 0 0 0 0 0 1 0 0 0 0 2 35.0
0 0 0 0 0 0 0 1 0 1 0 0 2 8
1 1 0 0 0 0 0 1 0 0 0 0 4 16.0
0 0 0 0 0 0 0 1 0 1 0 0 4 8
1 0 0 0 1 0 0 1 0 0 0 0 2 300.0
0 0 0 0 0 0 1 1 0 0 0 0 2 3
0 0 0 0 0 0 1 1 0 0 0 0 5 3
0 0 0 0 0 0 1 1 0 0 0 0 4 5
1 0 0 1 1 0 0 1 0 0 1 0 2 7
1 0 0 1 1 0 0 1 0 0 1 0 3 2
1 0 0 1 1 0 0 1 0 0 1 0 4 5
1 0 0 1 1 0 0 1 0 0 1 0 5 5
0 1 0 -1 -1 -1 1 0 0 0 0 0 3 8
0 0 0 1 1 0 0 1 0 1 0 0 3 7
0 0 0 1 1 0 0 1 0 1 0 0 2 21
0 0 0 1 1 0 0 1 0 1 0 0 5 6
0 0 0 1 1 0 0 1 0 1 0 0 4 15
0 0 0 0 1 0 1 0 0 0 0 0 3 2
0 1 0 1 1 0 1 1 0 1 1 0 2 9
0 1 0 1 1 0 1 1 0 1 1 0 4 19
0 1 0 -1 -1 -1 1 0 0 0 0 0 4 2
0 1 0 0 1 0 0 0 0 0 1 0 2 722.0
0 1 0 0 0 0 1 0 0 1 0 0 5 15
-1 -1 -1 0 1 0 1 0 0 1 0 0 2 7
0 0 0 0 1 0 0 0 0 -1 -1 -1 3 6
0 0 0 0 1 0 0 0 0 -1 -1 -1 2 3
0 0 0 0 1 0 0 0 0 -1 -1 -1 5 5
0 0 0 0 1 0 0 0 0 -1 -1 -1 4 43
-1 -1 -1 0 1 0 1 0 0 1 0 0 4 4
0 1 0 0 0 0 1 0 0 0 0 0 5 7
0 1 0 0 0 0 1 0 0 0 0 0 4 17
0 0 0 -1 -1 -1 0 1 0 0 0 0 3 13
0 0 0 -1 -1 -1 0 1 0 0 0 0 2 47
0 0 1 0 0 0 -1 -1 -1 0 0 0 4 1
0 0 0 -1 -1 -1 0 1 0 0 0 0 5 63
0 0 0 -1 -1 -1 0 1 0 0 0 0 4 103
0 0 0 1 0 0 0 1 0 -1 -1 -1 2 9.0
0 0 0 1 0 0 0 1 0 -1 -1 -1 3 10.0
0 1 0 -1 -1 -1 1 0 1 0 0 0 3 7
0 1 0 -1 -1 -1 1 0 1 0 0 0 2 1
0 1 0 -1 -1 -1 1 0 1 0 0 0 4 3
0 0 0 1 0 0 0 1 0 -1 -1 -1 4 29.0
0 0 0 1 0 0 0 1 0 -1 -1 -1 5 9.0
1 1 1 0 0 0 -1 -1 -1 1 0 0 3 1
0 1 0 0 1 0 1 1 0 0 0 0 3 6
0 1 0 -1 -1 -1 0 1 0 0 0 0 2 5
0 1 0 0 1 0 1 1 0 0 0 0 2 17
1 1 0 1 0 0 0 1 0 0 0 0 5 13
1 1 0 1 0 0 0 1 0 0 0 0 4 6.0
0 1 0 0 0 0 -1 -1 -1 -1 -1 -1 2 1
0 1 0 0 0 0 0 1 0 1 0 0 2 3
0 0 0 1 1 0 0 1 0 0 1 0 4 23
1 0 0 0 0 0 -1 -1 -1 0 0 0 2 1
1 0 0 0 0 0 -1 -1 -1 0 0 0 4 29
0 1 0 0 0 0 0 1 0 1 0 0 4 14
1 0 0 0 1 0 1 1 0 1 1 0 3 7
1 0 0 0 1 0 1 1 0 1 1 0 2 7
1 0 0 0 1 0 1 1 0 1 1 0 4 4
1 0 0 0 0 0 0 0 0 0 1 0 4 35
0 0 0 -1 -1 -1 1 0 0 0 0 0 3 9
0 0 0 -1 -1 -1 1 0 0 0 0 0 2 1
0 0 0 1 0 0 -1 -1 -1 0 1 0 3 18
0 0 0 1 0 0 -1 -1 -1 0 1 0 4 12
0 0 0 -1 -1 -1 1 0 0 0 0 0 4 2
1 1 0 0 1 0 0 1 0 1 1 0 3 3
1 1 0 0 1 0 0 1 0 1 1 0 2 20
1 1 0 0 1 0 0 1 0 1 1 0 4 22
1 0 0 1 1 0 0 0 0 0 1 0 3 3
0 0 0 -1 -1 -1 1 0 1 0 0 1 3 1
0 0 0 0 0 0 0 1 0 0 1 0 3 216.0
0 0 0 0 0 0 0 1 0 0 1 0 2 89.0
0 0 0 0 0 0 0 1 0 0 1 0 5 261.0
0 0 0 0 0 0 0 1 0 0 1 0 4 347.0
1 0 0 1 1 0 0 0 0 0 1 0 5 3
0 1 0 1 1 0 0 0 0 0 0 0 2 23
0 1 0 1 1 0 0 0 0 0 0 0 3 37
0 1 0 1 1 0 0 0 0 0 0 0 4 31
0 1 0 1 1 0 0 0 0 0 0 0 5 17
1 0 0 1 1 0 0 0 0 0 1 0 4 1
0 0 0 0 0 0 1 0 0 0 0 0 4 4
1 0 0 0 0 0 -1 -1 -1 1 0 0 4 1
0 1 0 0 1 0 1 1 0 1 0 0 2 18
0 1 0 0 1 0 1 1 0 1 0 0 3 5
0 1 0 0 1 0 1 1 0 1 0 0 4 8
0 1 0 0 1 0 1 1 0 1 0 0 5 17
1 1 0 0 1 0 0 1 0 0 0 0 3 19
1 0 0 0 1 0 0 0 0 0 0 0 2 45
0 1 0 1 0 0 0 1 0 1 0 0 5 59.0
0 1 0 0 1 0 0 1 0 0 0 0 2 405.0
0 1 0 0 1 0 0 1 0 0 0 0 3 117.0
0 1 0 0 1 0 0 1 0 0 0 0 4 118.0
0 1 0 0 1 0 0 1 0 0 0 0 5 219
1 0 0 0 1 0 0 0 0 0 0 0 4 283
0 0 0 0 1 0 0 0 0 1 0 0 5 2
-1 -1 -1 0 0 0 -1 -1 -1 1 0 0 4 3
-1 -1 -1 0 0 0 -1 -1 -1 1 0 0 5 2
-1 -1 -1 0 0 0 -1 -1 -1 1 0 0 2 1
0 0 0 1 1 0 1 0 0 -1 -1 -1 4 5
-1 -1 -1 0 1 0 0 1 0 0 0 0 2 29
-1 -1 -1 0 1 0 0 1 0 0 0 0 3 60
1 0 0 0 0 0 -1 -1 -1 -1 -1 -1 2 2
-1 -1 -1 0 1 0 0 1 0 0 0 0 4 151
-1 -1 -1 0 1 0 0 1 0 0 0 0 5 38
0 1 0 0 0 0 0 0 0 1 0 0 3 17
0 1 0 0 0 0 0 0 0 1 0 0 2 17
0 1 0 0 0 0 0 0 0 1 0 0 4 62
0 0 0 0 0 0 0 0 0 1 0 0 4 1
-1 -1 -1 0 0 0 -1 -1 -1 0 1 0 4 7
-1 -1 -1 0 0 0 -1 -1 -1 0 1 0 5 1
-1 -1 -1 0 0 0 -1 -1 -1 0 1 0 2 11
-1 -1 -1 0 0 0 -1 -1 -1 0 1 0 3 11
0 0 0 0 1 0 1 1 0 0 0 0 2 26.0
0 0 0 0 1 0 1 1 0 0 0 0 3 37
0 0 0 0 1 0 1 1 0 0 0 0 4 19
0 0 0 0 1 0 1 1 0 0 0 0 5 18.0
1 0 0 0 1 0 0 0 0 0 1 0 2 496
0 1 0 1 0 0 0 1 0 1 1 0 3 3.0
0 1 0 1 0 0 0 1 0 1 1 0 4 2.0
0 1 0 1 0 0 0 1 0 1 1 0 5 4.0
0 0 0 0 0 0 1 1 0 -1 -1 -1 2 6
0 0 0 0 0 0 1 1 0 -1 -1 -1 3 2
0 0 0 0 0 0 1 1 0 -1 -1 -1 4 1
0 0 0 0 0 0 1 1 0 -1 -1 -1 5 9
1 0 0 0 1 0 0 1 0 -1 -1 -1 3 24
1 0 0 0 1 0 0 1 0 -1 -1 -1 2 3
1 0 0 0 1 0 0 1 0 -1 -1 -1 5 25
1 0 0 0 1 0 0 1 0 -1 -1 -1 4 4
1 0 0 0 0 0 0 1 0 0 0 0 5 12
0 0 0 0 1 0 1 1 0 1 1 0 2 1
0 0 0 0 1 0 1 1 0 1 1 0 3 16
0 0 0 0 1 0 1 1 0 1 1 0 4 9
0 0 0 0 1 0 1 1 0 1 1 0 5 14
0 0 0 0 1 0 1 0 0 1 1 0 4 10
0 0 0 0 1 0 1 0 0 1 0 0 4 1
0 0 0 0 1 0 1 0 0 1 0 0 5 1
1 1 0 -1 -1 -1 0 0 0 0 0 0 4 7
1 1 0 -1 -1 -1 0 0 0 0 0 0 5 1
0 1 0 0 0 0 1 0 0 0 1 0 3 14.0
0 1 0 0 1 0 0 1 0 1 1 0 2 50
1 1 0 1 1 0 0 0 0 0 0 0 4 18
0 1 0 0 1 0 0 1 0 1 1 0 3 50
1 0 0 1 0 0 0 0 0 0 0 0 4 2
0 1 0 0 1 0 0 1 0 1 1 0 4 50
1 1 1 -1 -1 -1 0 0 0 0 0 0 5 1
1 1 1 -1 -1 -1 0 0 0 0 0 0 4 7
1 1 0 0 1 0 1 0 0 0 1 0 3 22.0
0 1 0 0 1 0 0 1 0 1 1 0 5 8
0 0 1 1 0 0 -1 -1 -1 -1 -1 -1 5 1
0 1 0 1 0 0 0 1 0 1 0 0 4 28.0
0 0 0 -1 -1 -1 0 0 0 0 1 0 2 20
1 0 0 1 0 0 -1 -1 -1 -1 -1 -1 5 2
1 0 0 1 0 0 -1 -1 -1 -1 -1 -1 4 2
1 0 0 1 0 0 -1 -1 -1 -1 -1 -1 3 1
0 1 0 1 0 0 0 1 0 -1 -1 -1 5 23.0
0 1 0 0 0 0 1 0 0 1 0 0 2 8
0 1 0 0 0 0 1 0 0 1 0 0 3 15
0 1 0 0 0 0 1 0 0 1 0 0 4 11
0 1 0 0 0 0 1 0 0 0 1 0 2 19.0
1 1 0 0 1 0 0 0 0 0 1 0 3 65.0
1 1 0 0 1 0 0 0 0 0 1 0 2 86.0
1 1 0 0 1 0 0 0 0 0 1 0 5 44.0
1 1 0 0 1 0 0 0 0 0 1 0 4 136
0 0 0 1 0 0 0 1 0 1 0 0 4 5
0 0 0 -1 -1 -1 0 0 0 0 1 0 4 48
0 1 0 1 1 0 0 0 0 -1 -1 -1 2 4
0 1 0 0 0 0 1 0 0 0 1 0 5 9.0
0 1 0 0 1 0 1 1 0 1 1 0 3 42
0 1 0 0 1 0 1 1 0 1 1 0 2 23
0 1 0 0 1 0 1 1 0 1 1 0 5 11
0 1 0 0 1 0 1 1 0 1 1 0 4 49
0 0 0 -1 -1 -1 1 0 1 1 0 1 2 4
0 0 0 -1 -1 -1 1 0 1 1 0 1 3 2
0 1 0 1 0 0 0 1 0 1 1 0 2 2.0
1 1 0 0 1 0 0 1 0 0 0 0 2 28
0 0 0 -1 -1 -1 1 0 1 1 0 1 4 3
0 0 0 0 0 0 1 1 0 0 1 0 2 11
0 0 0 0 0 0 0 0 0 1 0 0 3 23
0 0 0 0 0 0 1 1 0 0 1 0 4 55
0 1 0 0 0 0 -1 -1 -1 0 0 0 3 5
0 1 0 0 0 0 -1 -1 -1 0 0 0 2 1
0 1 0 0 0 0 -1 -1 -1 0 0 0 5 108
0 1 0 0 0 0 -1 -1 -1 0 0 0 4 1
1 0 0 0 1 0 0 0 0 0 1 0 3 306
1 1 0 0 1 0 1 0 0 1 0 0 5 9
0 0 0 0 0 0 1 1 0 0 0 0 3 18
0 1 0 -1 -1 -1 0 1 0 0 1 0 2 12
0 1 0 -1 -1 -1 0 1 0 0 1 0 5 3
0 0 0 0 0 0 0 0 0 0 1 0 2 104.0
0 0 0 0 0 0 0 0 0 0 1 0 3 56.0
0 0 0 0 0 0 0 0 0 0 1 0 4 49.0
0 0 0 0 0 0 0 0 0 0 1 0 5 84.0
