-1 -1 0 0 1 1 0 1 2 43.0
-1 -1 0 0 1 1 0 1 3 1.0
-1 -1 0 0 1 1 0 1 4 1.0
-1 -1 0 0 1 1 0 1 5 1.0
0 1 1 0 1 1 0 0 3 2.0
0 1 1 0 1 1 0 0 2 2.0
0 0 0 0 0 1 -1 -1 5 354.0
1 0 0 1 0 0 0 1 5 195.0
-1 -1 0 1 1 1 1 0 5 32.0
-1 -1 0 1 1 1 1 0 4 6.0
1 1 0 0 0 1 0 0 2 35.0
0 1 1 1 1 0 1 0 2 3.0
1 0 1 0 0 0 1 0 3 1.0
1 1 0 1 1 1 1 1 4 15.0
-1 -1 1 0 0 1 0 0 2 3.0
1 0 0 0 0 1 0 1 2 362.0
0 1 0 0 -1 -1 1 0 3 17.0
0 1 0 0 -1 -1 1 0 2 9.0
0 1 0 0 -1 -1 1 0 5 7.0
0 1 0 0 -1 -1 1 0 4 14.0
0 1 1 1 0 1 0 0 5 34.0
0 0 0 1 -1 -1 1 0 3 2.0
0 0 -1 -1 0 0 0 0 2 286.0
0 0 0 0 1 0 1 0 3 4.0
0 0 0 0 1 0 1 0 2 13.0
0 0 0 0 1 0 1 0 5 8.0
0 0 0 0 1 0 1 0 4 20.0
0 0 0 0 0 0 -1 -1 5 3.0
0 0 0 0 0 0 -1 -1 4 9.0
0 0 -1 -1 0 0 0 0 4 35.0
1 1 0 0 0 1 0 0 4 1.0
-1 -1 1 1 0 0 0 0 4 10.0
-1 -1 0 0 0 1 1 1 2 8.0
0 0 0 1 -1 -1 0 0 2 9.0
0 0 -1 -1 0 0 1 0 3 6.0
1 1 1 1 0 1 0 0 5 2.0
1 0 -1 -1 0 0 -1 -1 4 44.0
1 0 0 0 0 0 1 0 3 7.0
0 0 0 1 1 0 1 1 2 3.0
0 0 0 1 1 0 1 1 5 8.0
1 0 0 0 0 0 1 0 4 1.0
1 0 -1 -1 0 0 -1 -1 2 1.0
1 0 -1 -1 0 0 -1 -1 3 1.0
0 1 0 1 0 1 1 0 3 83.0
0 1 0 1 0 1 1 0 2 113.0
0 1 0 1 0 1 1 0 5 64.0
0 1 0 1 0 1 1 0 4 43.0
0 0 0 0 1 0 0 0 5 1.0
0 1 0 1 1 0 1 0 3 31.0
0 1 0 1 1 0 1 0 2 8.0
0 1 0 1 1 0 1 0 5 14.0
0 0 -1 -1 0 0 1 0 4 1.0
0 1 1 1 0 0 -1 -1 2 22.0
0 1 1 1 0 0 -1 -1 3 8.0
0 0 0 0 0 0 0 1 2 44.0
0 0 0 0 1 1 0 0 2 29.0
0 0 0 0 0 0 0 1 4 67.0
0 0 0 0 0 0 0 1 5 110.0
1 1 0 1 1 0 1 1 4 12.0
1 1 0 0 0 1 1 0 4 32.0
0 0 0 0 -1 -1 -1 -1 5 2.0
0 0 0 0 -1 -1 -1 -1 4 2.0
1 0 0 0 0 0 1 0 2 1.0
0 0 0 0 -1 -1 -1 -1 3 3.0
0 0 0 0 -1 -1 -1 -1 2 10.0
0 0 1 0 -1 -1 0 0 2 42.0
0 0 1 0 -1 -1 0 0 3 17.0
0 1 0 0 0 1 0 1 2 630.0
0 1 0 0 0 1 0 1 3 2449.0
0 1 0 0 0 1 0 1 4 244.0
0 1 0 0 0 1 0 1 5 694.0
0 0 1 0 -1 -1 0 0 4 27.0
0 0 1 0 -1 -1 0 0 5 16.0
1 1 0 1 0 0 0 0 2 27.0
0 0 0 0 0 1 0 1 2 173.0
0 0 0 0 0 1 0 1 5 84.0
0 0 0 0 0 1 0 1 4 309.0
0 1 1 0 1 0 1 0 2 4.0
0 0 0 0 1 0 0 1 3 1.0
1 0 1 1 1 1 -1 -1 2 9.0
1 0 1 1 1 1 -1 -1 3 16.0
1 0 0 1 1 1 0 1 2 5.0
1 0 0 1 1 1 0 1 4 6.0
1 0 0 1 1 1 0 1 5 11.0
1 0 1 1 1 1 -1 -1 4 10.0
1 0 1 1 1 1 -1 -1 5 3.0
1 0 1 0 1 1 0 0 5 6.0
0 0 1 1 0 0 -1 -1 5 39.0
-1 -1 0 1 1 0 0 0 3 18.0
0 1 1 0 -1 -1 0 0 2 5.0
0 0 0 1 1 1 0 1 3 2.0
0 0 0 1 1 1 0 1 2 9.0
0 1 0 0 0 0 0 0 4 87.0
0 0 0 1 1 1 0 1 4 11.0
-1 -1 0 1 1 0 0 0 5 6.0
-1 -1 0 1 1 0 0 0 4 19.0
1 1 1 0 0 1 0 0 3 1.0
1 1 1 0 0 1 0 0 2 19.0
1 1 1 0 0 1 0 0 5 2.0
0 1 0 0 0 1 1 1 3 135.0
0 1 0 0 0 1 1 1 2 68.0
0 1 0 0 0 1 1 1 5 54.0
0 1 0 0 0 1 1 1 4 49.0
0 0 0 1 1 0 0 0 4 20.0
-1 -1 0 0 1 0 0 0 2 1.0
-1 -1 0 0 1 0 0 0 3 1.0
-1 -1 0 0 1 0 0 0 5 16.0
1 1 0 1 0 1 0 0 2 23.0
0 1 1 0 0 0 1 0 2 14.0
0 0 1 0 0 0 -1 -1 2 2.0
0 0 1 0 0 0 -1 -1 3 1.0
0 0 1 0 0 0 -1 -1 4 1.0
0 0 1 0 0 0 -1 -1 5 60.0
1 1 1 0 0 0 0 1 3 4.0
1 1 1 0 0 0 0 1 2 8.0
1 1 1 0 0 0 0 1 5 5.0
1 1 1 0 0 0 0 1 4 10.0
0 0 1 0 0 1 0 0 3 4.0
0 0 1 1 0 1 0 1 2 17.0
0 0 1 1 0 1 0 1 5 17.0
0 0 1 0 0 1 0 0 4 8.0
0 1 1 0 0 0 1 0 3 2.0
0 0 1 0 0 1 -1 -1 3 29.0
0 0 1 0 0 1 -1 -1 2 24.0
0 0 1 0 0 1 -1 -1 5 37.0
0 0 1 0 0 1 -1 -1 4 26.0
0 1 1 1 0 1 1 1 3 1329.0
0 1 1 1 0 1 1 1 2 49.0
0 1 1 1 0 1 1 1 5 2.0
0 1 1 1 0 1 1 1 4 10.0
1 0 1 1 0 1 0 1 2 39.0
1 0 1 1 0 1 0 1 3 17.0
1 0 1 1 0 1 0 1 4 64.0
1 0 1 1 0 1 0 1 5 10.0
0 0 1 1 0 0 1 1 3 2.0
0 0 1 1 -1 -1 0 0 3 17.0
0 0 0 1 1 1 1 1 5 2.0
0 0 1 1 -1 -1 0 0 5 22.0
-1 -1 1 1 -1 -1 0 0 4 21.0
-1 -1 1 1 -1 -1 0 0 3 41.0
-1 -1 1 1 -1 -1 0 0 2 18.0
0 1 -1 -1 0 0 0 0 2 16.0
0 1 -1 -1 0 0 0 0 3 10.0
1 0 1 1 0 0 0 1 3 7.0
1 0 1 1 0 0 0 1 2 9.0
1 0 1 1 0 0 0 1 5 1.0
0 1 -1 -1 0 0 0 0 4 13.0
0 1 -1 -1 0 0 0 0 5 15.0
0 1 0 1 1 1 0 0 3 54.0
0 1 0 1 1 1 0 0 2 72.0
0 1 0 1 1 1 0 0 5 15.0
0 1 0 1 1 1 0 0 4 21.0
0 0 0 1 1 0 0 1 2 6.0
0 0 0 1 1 0 0 1 3 3.0
0 0 0 1 1 0 0 1 4 25.0
0 0 0 1 1 0 0 1 5 5.0
0 0 1 0 1 1 1 0 3 1.0
0 1 1 0 0 1 1 0 2 9.0
0 0 0 1 0 0 0 1 3 207.0
0 0 0 1 0 0 0 1 2 340.0
0 0 0 1 0 0 0 1 5 293.0
0 0 0 1 0 0 0 1 4 520.0
0 1 1 0 0 1 0 1 2 97.0
10 N 2 2
0 0 0 1 0 1 0 1 2 663.0
0 0 0 1 0 1 0 1 3 813.0
0 1 1 0 0 0 1 0 4 4.0
0 1 1 0 0 0 1 0 5 14.0
0 0 0 0 0 1 1 0 3 23.0
-1 -1 0 1 0 1 0 0 3 174.0
-1 -1 0 1 0 1 0 0 2 365.0
1 0 1 0 0 1 0 1 3 15.0
1 0 1 0 0 1 0 1 2 17.0
1 1 1 1 0 0 1 0 4 4.0
1 0 1 0 0 1 0 1 4 27.0
-1 -1 0 1 0 1 0 0 5 14.0
-1 -1 0 1 0 1 0 0 4 50.0
0 0 -1 -1 0 1 0 0 2 2.0
0 0 -1 -1 0 1 0 0 3 40.0
0 0 -1 -1 0 1 0 0 4 2.0
0 0 -1 -1 0 1 0 0 5 2.0
0 0 1 1 0 0 0 1 2 22.0
0 0 1 1 0 0 0 1 3 9.0
0 0 1 1 0 0 0 1 4 14.0
0 0 1 1 0 0 0 1 5 23.0
1 0 0 0 -1 -1 1 1 4 2.0
1 0 -1 -1 0 0 0 0 2 1.0
0 0 0 0 -1 -1 0 1 3 52.0
0 0 0 0 -1 -1 0 1 4 32.0
0 0 0 0 -1 -1 0 1 5 68.0
0 1 1 0 0 1 0 0 2 11.0
0 1 1 0 0 1 0 0 3 20.0
0 1 1 0 0 1 0 0 4 10.0
0 1 1 0 0 1 0 0 5 19.0
0 1 0 0 0 0 1 0 3 25.0
0 1 0 0 0 0 1 0 2 11.0
0 1 0 0 0 0 1 0 5 26.0
0 1 0 0 0 0 1 0 4 15.0
1 0 0 0 0 1 0 1 4 101.0
0 1 0 0 1 1 0 0 2 23.0
0 1 0 0 1 1 0 0 3 13.0
0 1 0 0 1 1 0 0 4 11.0
0 1 0 0 1 1 0 0 5 2.0
0 0 1 0 -1 -1 1 1 2 4.0
0 0 0 0 0 1 0 0 2 285.0
0 1 0 0 -1 -1 -1 -1 4 8.0
1 0 0 0 0 1 0 0 3 55.0
1 0 0 0 0 1 0 0 2 235.0
1 0 0 0 0 1 0 0 5 110.0
1 0 0 0 0 1 0 0 4 23.0
0 1 0 0 -1 -1 -1 -1 3 1.0
0 0 0 1 0 0 -1 -1 2 1.0
0 0 0 1 0 0 -1 -1 3 38.0
0 0 0 0 0 1 0 0 3 993.0
0 0 0 1 0 0 -1 -1 4 19.0
0 0 0 1 0 0 -1 -1 5 231.0
1 0 0 1 0 0 0 0 3 303.0
1 1 0 0 0 1 0 1 2 25.0
1 1 0 0 0 1 0 1 5 44.0
1 1 0 1 0 1 0 0 4 33.0
0 1 1 1 0 0 0 0 5 14.0
0 0 0 0 0 1 0 0 4 86.0
-1 -1 1 1 0 0 0 1 2 7.0
0 1 1 1 1 1 1 1 2 4.0
0 0 0 0 0 1 1 0 2 40.0
-1 -1 0 0 -1 -1 0 0 4 5.0
0 0 0 0 0 1 1 0 5 37.0
0 0 0 0 0 1 1 0 4 20.0
-1 -1 -1 -1 0 0 1 0 5 14.0
-1 -1 -1 -1 0 0 1 0 2 5.0
-1 -1 -1 -1 0 0 1 0 3 17.0
0 0 0 0 1 1 1 0 2 6.0
0 0 0 0 1 1 1 0 3 3.0
0 0 0 0 1 1 1 0 4 3.0
0 0 0 0 1 1 1 0 5 4.0
0 0 0 0 0 0 -1 -1 3 3.0
1 0 0 0 0 0 0 1 2 53.0
-1 -1 0 0 -1 -1 0 0 3 5.0
0 0 0 0 0 0 -1 -1 2 28.0
1 0 0 0 0 0 0 1 5 89.0
-1 -1 1 1 0 0 0 1 5 9.0
1 0 0 1 1 1 -1 -1 3 28.0
1 0 0 1 1 1 -1 -1 2 17.0
1 0 0 1 1 1 -1 -1 5 11.0
1 0 0 1 1 1 -1 -1 4 4.0
0 1 1 0 0 1 -1 -1 5 51.0
0 0 -1 -1 0 0 1 0 2 1.0
0 0 0 1 -1 -1 0 0 3 29.0
0 0 0 0 1 0 0 0 2 7.0
0 0 0 0 1 0 0 0 3 2.0
0 0 0 0 1 0 0 0 4 17.0
0 0 -1 -1 0 0 0 0 5 31.0
0 0 0 1 -1 -1 0 0 4 15.0
0 0 0 1 -1 -1 0 0 5 48.0
0 1 0 1 0 1 0 0 2 993.0
0 1 0 1 0 1 0 0 3 537.0
0 1 0 1 0 1 0 0 4 180.0
0 1 0 1 0 1 0 0 5 414.0
-1 -1 0 1 -1 -1 0 0 4 1.0
-1 -1 0 1 -1 -1 0 0 5 1.0
-1 -1 0 1 -1 -1 0 0 2 2.0
-1 -1 0 1 -1 -1 0 0 3 707.0
1 0 0 1 0 1 0 0 4 338.0
1 1 0 1 0 0 0 0 4 40.0
-1 -1 1 0 0 0 0 0 2 11.0
-1 -1 1 0 0 0 0 0 3 29.0
0 0 0 1 0 0 1 1 2 4.0
0 0 0 1 0 0 1 1 3 14.0
0 0 0 1 0 0 1 1 4 6.0
0 0 0 1 0 0 1 1 5 5.0
-1 -1 1 0 0 0 0 0 4 63.0
-1 -1 1 0 0 0 0 0 5 6.0
0 1 1 1 1 0 1 1 2 3.0
0 1 -1 -1 0 1 0 1 2 2.0
0 1 1 1 0 0 0 0 2 6.0
0 1 1 1 0 0 0 0 3 5.0
1 0 1 0 1 0 0 0 5 6.0
1 1 1 1 0 0 0 1 2 9.0
1 1 1 1 0 0 0 1 3 4.0
1 1 1 1 0 0 0 1 5 12.0
0 1 0 1 0 0 -1 -1 3 20.0
0 1 0 1 0 0 -1 -1 2 12.0
0 0 0 0 0 0 0 0 3 42.0
0 0 0 0 0 0 0 0 2 262.0
0 0 0 0 0 0 0 0 5 42.0
0 0 0 0 0 0 0 0 4 37.0
0 1 0 1 0 0 -1 -1 5 4.0
0 1 0 1 0 0 -1 -1 4 42.0
0 0 0 1 0 1 0 1 4 446.0
0 1 0 1 -1 -1 0 1 4 5.0
0 1 0 1 -1 -1 0 1 5 1.0
1 1 0 0 0 0 0 1 2 15.0
1 1 0 0 0 0 0 1 3 10.0
1 1 0 0 0 0 0 1 4 10.0
1 1 0 0 0 0 0 1 5 39.0
0 1 -1 -1 0 1 0 0 2 1.0
0 1 -1 -1 0 1 0 0 4 3.0
0 1 0 0 0 1 0 0 3 473.0
1 1 0 0 1 0 0 1 2 2.0
0 1 0 0 0 1 0 0 5 271.0
0 1 0 0 0 1 0 0 4 100.0
0 0 1 0 -1 -1 0 1 5 11.0
1 0 0 1 0 1 0 1 3 14405.0
1 1 0 1 0 0 0 1 2 63.0
1 1 0 1 0 0 0 1 5 51.0
1 1 0 1 0 0 0 1 4 27.0
-1 -1 0 1 0 0 0 1 4 16.0
1 1 1 1 0 0 1 0 3 6.0
0 0 1 1 0 0 0 0 3 17.0
1 0 1 0 0 1 0 1 5 13.0
1 0 0 1 1 1 0 0 3 1.0
1 0 0 1 1 1 0 0 2 3.0
0 0 1 0 0 1 1 0 2 13.0
0 0 1 0 0 1 1 0 3 19.0
0 0 1 0 0 1 1 0 4 40.0
0 0 0 1 1 0 1 1 3 36.0
0 1 0 0 0 0 0 1 3 1890.0
0 1 0 0 0 0 0 1 2 501.0
0 1 0 0 0 0 0 1 5 417.0
0 1 0 0 0 0 0 1 4 266.0
0 1 1 1 1 0 0 1 2 5.0
0 1 1 1 1 0 0 1 3 2.0
0 1 1 1 1 0 0 1 4 1.0
0 1 1 1 1 0 0 1 5 2.0
0 0 0 1 1 0 1 1 4 28.0
-1 -1 1 1 0 1 1 0 3 12.0
-1 -1 1 1 0 1 1 0 4 2.0
-1 -1 0 0 1 0 0 1 2 1.0
-1 -1 0 0 1 0 0 1 5 5.0
0 1 0 0 0 1 -1 -1 3 136.0
0 1 0 0 0 1 -1 -1 2 39.0
0 1 0 0 0 1 0 0 2 558.0
0 1 0 0 0 1 -1 -1 5 35.0
0 1 0 0 0 1 -1 -1 4 52.0
1 1 0 0 1 0 0 1 5 2.0
0 0 0 1 0 1 -1 -1 3 159.0
0 0 0 1 0 1 -1 -1 2 82.0
-1 -1 0 0 1 0 1 0 2 28.0
0 0 0 1 0 1 -1 -1 5 1807.0
0 0 0 1 0 1 -1 -1 4 259.0
0 1 0 0 -1 -1 0 0 2 15.0
0 1 0 0 -1 -1 0 0 3 14.0
1 1 0 1 1 0 0 0 2 14.0
1 1 0 1 1 0 0 0 5 3.0
1 1 0 1 1 0 0 0 4 13.0
0 1 0 0 -1 -1 0 0 4 37.0
0 1 0 0 -1 -1 0 0 5 362.0
1 1 0 1 0 0 0 1 3 38.0
1 0 1 0 1 0 1 0 3 3.0
1 0 0 1 0 1 0 1 2 3851.0
1 0 0 1 0 1 0 1 5 2793.0
0 1 0 1 1 1 1 0 2 21.0
0 0 0 1 0 1 1 0 2 2.0
1 0 0 1 0 1 0 1 4 2005.0
0 0 0 0 -1 -1 0 1 2 30.0
0 0 0 1 0 1 1 0 4 15.0
0 0 0 1 1 1 1 0 4 3.0
1 0 1 1 0 1 0 0 3 8.0
1 0 1 1 0 1 0 0 2 11.0
1 0 1 1 0 1 0 0 5 2.0
1 0 1 1 0 1 0 0 4 27.0
0 0 1 0 1 1 0 0 3 5.0
0 0 1 0 1 1 0 0 5 2.0
0 0 -1 -1 0 0 1 0 5 1.0
-1 -1 0 0 0 0 0 0 3 90.0
-1 -1 0 0 0 0 0 0 2 970.0
0 1 0 1 1 0 0 0 2 57.0
0 0 0 1 1 1 1 0 2 6.0
0 1 0 1 1 0 0 0 4 29.0
0 1 0 1 1 0 0 0 5 38.0
-1 -1 0 0 0 0 0 0 5 114.0
-1 -1 0 0 0 0 0 0 4 108.0
0 0 0 0 1 1 0 0 3 18.0
1 0 1 0 0 1 -1 -1 2 8.0
1 0 1 0 0 1 -1 -1 3 13.0
0 0 0 0 0 0 0 1 3 125.0
0 1 0 1 0 0 1 1 3 63.0
1 0 1 0 0 1 -1 -1 4 7.0
1 0 1 0 0 1 -1 -1 5 1.0
0 1 -1 -1 0 0 0 1 2 28.0
1 0 0 1 0 0 0 0 4 41.0
0 1 1 1 0 1 0 1 2 35.0
0 0 0 0 1 1 0 0 4 17.0
0 1 1 1 0 1 0 1 3 2031.0
0 1 1 1 0 1 0 1 4 5.0
0 1 1 1 0 1 0 1 5 16.0
0 1 0 1 0 0 1 0 2 4.0
0 1 0 1 0 0 1 0 5 2.0
0 0 0 1 1 0 0 0 3 12.0
0 0 0 1 1 0 0 0 2 2.0
0 0 0 1 1 0 0 0 5 6.0
1 1 1 1 1 0 0 1 4 5.0
0 0 1 1 0 1 1 0 2 11.0
1 1 0 1 1 0 0 1 3 17.0
0 0 1 0 0 0 1 0 3 1.0
0 0 1 0 0 0 1 0 2 3.0
0 0 0 1 0 1 0 0 3 306.0
0 0 0 1 0 1 0 0 2 622.0
0 0 0 1 0 1 0 0 5 543.0
0 0 0 1 0 1 0 0 4 454.0
0 1 1 1 0 1 0 0 3 16.0
0 0 -1 -1 0 1 0 1 3 2.0
1 1 0 0 1 0 1 1 2 4.0
1 1 0 0 1 0 1 1 3 5.0
1 0 0 1 0 1 -1 -1 2 8.0
1 0 0 1 0 1 -1 -1 3 3.0
0 1 0 0 1 1 1 1 2 8.0
0 0 1 1 0 0 0 0 2 21.0
0 0 1 1 0 0 0 0 5 16.0
0 0 1 1 0 0 0 0 4 30.0
1 0 0 1 0 1 -1 -1 4 5.0
1 0 0 1 0 1 -1 -1 5 27.0
0 0 0 0 -1 -1 0 0 3 74.0
1 0 -1 -1 0 0 0 1 2 8.0
1 1 0 1 1 0 0 1 5 20.0
0 0 0 0 -1 -1 0 0 5 85.0
0 0 0 0 -1 -1 0 0 4 60.0
0 1 0 0 1 0 1 1 3 42.0
0 1 0 0 1 0 1 1 2 16.0
0 1 0 0 1 0 1 1 5 19.0
0 1 0 0 1 0 1 1 4 16.0
0 0 1 0 0 1 1 0 5 15.0
-1 -1 1 1 0 0 0 1 4 5.0
0 1 0 0 1 1 0 1 3 32.0
0 1 0 0 1 1 0 1 2 11.0
0 1 0 0 1 1 0 1 5 67.0
0 1 0 0 1 1 0 1 4 41.0
1 0 0 0 1 1 0 1 2 20.0
1 1 0 0 -1 -1 0 0 3 2.0
1 1 0 0 -1 -1 0 0 2 25.0
0 1 1 0 0 1 0 1 3 766.0
0 1 1 1 0 1 0 0 2 54.0
0 1 1 0 0 1 0 1 5 42.0
0 1 1 0 0 1 0 1 4 56.0
1 1 0 0 -1 -1 0 0 5 14.0
1 1 0 0 -1 -1 0 0 4 2.0
0 0 -1 -1 0 0 -1 -1 5 3.0
0 0 -1 -1 0 0 -1 -1 4 3.0
0 0 1 0 1 0 1 0 3 4.0
0 0 1 0 1 0 1 0 4 1.0
0 0 -1 -1 0 0 -1 -1 3 2.0
0 0 -1 -1 0 0 -1 -1 2 18.0
1 0 0 0 1 0 0 1 2 3.0
1 0 0 0 1 0 0 1 3 2.0
1 1 0 0 0 1 1 0 3 8.0
1 0 1 1 -1 -1 0 0 5 6.0
-1 -1 -1 -1 1 0 0 0 4 1.0
-1 -1 -1 -1 1 0 0 0 5 13.0
1 0 0 0 0 0 0 0 2 80.0
1 0 0 0 0 0 0 0 3 17.0
1 0 0 0 0 0 0 0 4 31.0
1 0 0 0 0 0 0 0 5 16.0
-1 -1 0 1 1 1 1 0 3 5.0
-1 -1 -1 -1 1 0 0 0 3 1.0
0 0 0 0 0 1 0 1 3 170.0
1 1 0 1 0 0 0 0 3 16.0
-1 -1 -1 -1 0 1 0 0 4 36.0
-1 -1 -1 -1 0 1 0 0 5 20.0
1 0 0 0 1 1 0 0 2 1.0
1 0 0 0 1 1 0 0 3 27.0
1 0 0 0 1 1 0 0 4 3.0
1 0 0 0 1 1 0 0 5 3.0
-1 -1 -1 -1 0 1 0 0 2 7.0
1 1 0 1 0 0 0 0 5 50.0
1 0 1 0 1 1 0 0 2 2.0
-1 -1 0 1 1 1 1 0 2 5.0
-1 -1 0 1 0 0 0 0 2 46.0
-1 -1 0 1 0 0 0 0 3 57.0
0 0 0 1 0 0 1 0 3 13.0
0 0 0 1 0 0 1 0 2 6.0
0 0 0 1 0 0 1 0 5 3.0
0 0 0 1 0 0 1 0 4 41.0
-1 -1 0 1 0 0 0 0 4 107.0
-1 -1 0 1 0 0 0 0 5 15.0
1 1 0 1 1 1 0 0 2 32.0
1 1 0 1 1 1 0 0 3 11.0
1 1 0 1 1 1 0 0 4 8.0
1 1 0 1 1 1 0 0 5 14.0
-1 -1 0 1 0 1 1 0 2 7.0
-1 -1 0 1 0 1 1 0 3 7.0
-1 -1 0 1 0 1 1 0 4 12.0
1 0 0 1 -1 -1 0 0 2 12.0
0 1 1 0 0 1 1 1 2 23.0
0 1 1 0 0 1 1 1 3 18.0
0 1 1 0 0 1 1 1 4 14.0
0 1 1 0 0 1 1 1 5 11.0
0 1 0 1 0 1 0 1 3 18101.0
0 1 0 1 0 1 0 1 2 927.0
0 1 0 1 0 1 0 1 5 423.0
0 1 0 1 0 1 0 1 4 1111.0
1 0 1 0 -1 -1 0 1 2 1.0
0 1 1 1 0 0 1 1 2 3.0
0 1 1 1 0 0 1 1 4 16.0
0 0 0 1 1 1 -1 -1 2 9.0
0 0 0 1 1 1 -1 -1 3 14.0
0 1 0 1 0 0 0 1 2 1164.0
0 1 0 1 0 0 0 1 3 332.0
0 1 0 1 0 0 0 1 4 1340.0
0 1 0 1 0 0 0 1 5 817.0
0 0 0 1 1 1 -1 -1 4 30.0
0 0 0 1 1 1 -1 -1 5 47.0
-1 -1 -1 -1 1 0 0 0 2 3.0
1 0 0 0 1 1 -1 -1 3 2.0
1 0 0 1 0 1 0 0 2 239.0
-1 -1 0 0 0 1 0 0 3 89.0
-1 -1 0 0 0 1 0 0 4 16.0
-1 -1 0 0 0 1 0 0 5 55.0
0 1 1 0 0 0 0 1 2 6.0
0 1 1 0 0 0 0 1 3 32.0
0 1 1 0 0 0 0 1 4 5.0
0 1 1 0 0 0 0 1 5 25.0
0 0 0 1 0 1 0 1 5 622.0
0 0 0 0 1 0 0 1 2 2.0
0 0 0 0 1 0 0 1 5 4.0
0 0 0 0 1 0 0 1 4 1.0
0 1 0 0 0 0 1 1 5 8.0
1 0 0 1 0 1 0 0 3 412.0
0 0 -1 -1 1 0 1 0 2 1.0
1 0 1 0 -1 -1 1 1 3 4.0
1 0 1 0 -1 -1 1 1 2 9.0
0 1 1 1 0 0 0 1 3 10.0
0 1 1 1 0 0 0 1 2 36.0
0 1 1 1 0 0 0 1 5 31.0
0 1 1 1 0 0 0 1 4 32.0
1 0 1 0 -1 -1 1 1 5 6.0
1 0 1 0 -1 -1 1 1 4 18.0
0 0 -1 -1 1 0 0 0 2 7.0
0 0 -1 -1 1 0 0 0 3 6.0
1 1 1 1 0 0 0 0 3 12.0
1 1 1 1 0 0 0 0 2 3.0
0 0 -1 -1 1 0 0 0 4 15.0
0 0 -1 -1 1 0 0 0 5 25.0
0 0 0 1 1 1 0 0 4 28.0
0 1 0 1 1 1 0 1 3 31.0
0 1 0 1 1 1 1 1 4 100.0
0 1 0 0 1 0 0 1 2 63.0
0 1 0 0 1 0 0 1 3 22.0
0 1 0 0 1 0 0 1 4 30.0
0 1 0 0 1 0 0 1 5 32.0
0 1 0 1 -1 -1 0 0 5 20.0
1 1 0 0 0 0 0 0 3 23.0
1 1 0 0 0 0 0 0 2 3.0
1 1 0 0 0 0 0 0 4 1.0
-1 -1 0 0 -1 -1 0 0 5 8.0
-1 -1 1 1 0 0 0 1 3 8.0
1 0 0 1 0 1 0 0 5 579.0
-1 -1 0 0 1 0 1 0 5 38.0
-1 -1 0 0 -1 -1 0 0 2 32.0
0 1 1 0 -1 -1 0 0 3 3.0
1 1 0 0 1 1 0 0 3 34.0
1 1 0 0 1 1 0 0 2 11.0
1 1 0 0 1 1 0 0 4 2.0
1 1 0 0 1 0 0 0 3 9.0
-1 -1 0 1 1 0 0 0 2 17.0
0 1 0 0 0 0 0 0 2 88.0
0 1 0 0 0 0 0 0 3 87.0
0 0 0 1 1 1 0 1 5 5.0
0 1 0 0 0 0 0 0 5 198.0
0 1 1 1 1 0 0 0 3 2.0
0 1 1 1 1 0 0 0 2 4.0
0 1 1 1 1 0 0 0 5 5.0
0 1 1 0 -1 -1 0 0 5 20.0
0 0 -1 -1 0 0 0 1 2 13.0
0 0 -1 -1 0 0 0 1 3 25.0
0 0 0 0 1 0 1 1 2 7.0
-1 -1 -1 -1 0 1 0 0 3 33.0
0 0 -1 -1 0 0 0 1 4 1.0
0 0 -1 -1 0 0 0 1 5 11.0
1 1 0 1 0 1 0 1 2 6.0
0 0 0 1 1 0 1 0 2 1.0
0 0 0 1 1 0 1 0 3 4.0
0 0 0 1 1 0 1 0 4 2.0
0 0 0 1 1 0 1 0 5 4.0
1 1 0 1 0 1 0 1 3 7.0
0 1 0 1 0 0 1 1 2 53.0
0 1 0 1 0 0 1 1 5 11.0
0 1 0 1 1 0 1 1 2 28.0
0 1 0 1 1 0 1 1 3 12.0
0 1 0 1 1 0 1 1 4 27.0
0 1 0 1 1 0 1 1 5 6.0
0 0 0 0 0 1 0 0 5 153.0
1 0 -1 -1 0 0 0 0 4 32.0
0 0 0 0 1 1 0 1 2 11.0
0 0 0 0 1 1 0 1 3 17.0
0 0 0 0 1 1 0 1 4 3.0
-1 -1 0 0 0 0 1 0 2 11.0
-1 -1 0 0 0 0 1 0 3 1.0
0 1 0 1 1 1 1 1 3 45.0
0 1 0 1 1 1 1 1 2 13.0
0 1 0 1 1 1 1 1 5 8.0
0 0 0 1 1 1 0 0 5 13.0
-1 -1 0 0 0 0 1 0 5 1.0
0 1 0 1 0 1 1 1 2 247.0
0 1 0 1 0 1 1 1 3 5196.0
1 0 0 0 -1 -1 0 0 2 12.0
1 0 0 0 -1 -1 0 0 3 4.0
0 0 1 1 0 0 1 0 2 10.0
0 0 1 1 0 0 1 0 3 1.0
0 0 1 1 0 0 1 0 4 28.0
0 1 0 1 0 0 1 1 4 130.0
1 0 0 0 -1 -1 0 0 4 1.0
1 0 0 0 -1 -1 0 0 5 10.0
1 1 1 1 1 0 1 0 3 17.0
1 1 1 1 1 0 1 0 2 3.0
0 1 0 1 0 1 1 1 4 151.0
0 1 0 1 0 1 1 1 5 7.0
0 1 0 1 1 0 0 1 3 41.0
0 1 0 1 1 0 0 1 2 134.0
0 1 0 1 1 0 0 1 5 50.0
0 1 0 1 1 0 0 1 4 141.0
0 0 0 0 0 0 1 0 2 40.0
0 0 0 0 0 0 1 0 3 7.0
0 0 0 0 0 0 1 0 4 8.0
0 0 0 0 0 0 1 0 5 1.0
0 1 1 0 0 0 1 1 5 4.0
0 0 1 1 0 1 0 0 2 11.0
0 0 1 1 0 1 0 0 3 17.0
0 0 1 1 0 1 0 0 4 14.0
0 0 1 1 0 1 0 0 5 8.0
1 1 1 0 0 1 0 1 2 10.0
1 1 1 0 0 1 0 1 3 1.0
1 0 0 1 0 0 0 1 2 1169.0
0 0 0 0 1 1 0 0 5 14.0
0 1 0 0 0 1 1 0 2 5.0
1 1 0 0 0 1 0 0 3 31.0
0 1 0 0 0 1 1 0 4 4.0
0 1 0 0 0 1 1 0 5 11.0
0 0 1 0 -1 -1 1 0 3 7.0
1 1 0 1 0 1 0 1 4 15.0
1 0 0 1 1 0 0 0 2 1.0
1 0 0 1 1 0 0 0 3 9.0
1 0 0 1 1 0 0 0 4 1.0
0 0 1 0 -1 -1 1 0 4 5.0
1 0 0 1 1 1 1 0 2 8.0
1 0 0 1 1 1 1 0 3 2.0
1 0 0 1 1 1 1 0 4 31.0
0 0 0 0 -1 -1 1 0 2 8.0
0 0 0 0 -1 -1 1 0 3 5.0
0 0 0 0 -1 -1 1 0 4 26.0
0 0 0 0 -1 -1 1 0 5 1.0
1 0 0 0 0 0 0 1 3 151.0
0 1 0 1 1 1 1 0 5 7.0
-1 -1 1 1 0 1 0 0 2 33.0
-1 -1 1 1 0 1 0 0 3 80.0
-1 -1 1 1 0 1 0 0 4 16.0
-1 -1 1 1 0 1 0 0 5 13.0
1 0 0 0 0 1 -1 -1 3 3.0
1 0 0 0 0 1 -1 -1 2 6.0
1 1 0 1 0 1 0 0 3 24.0
1 0 0 0 0 1 -1 -1 5 11.0
1 0 0 0 0 1 -1 -1 4 4.0
0 1 0 0 1 1 1 0 3 7.0
0 1 0 0 1 1 1 0 2 19.0
0 1 0 0 1 1 1 0 5 23.0
1 0 0 1 0 0 0 0 5 491.0
0 1 1 1 0 1 1 0 2 15.0
0 1 1 1 0 1 1 0 3 2.0
0 1 1 1 0 1 1 0 4 2.0
0 1 1 1 0 1 1 0 5 10.0
1 1 0 0 0 1 0 1 4 9.0
1 0 0 0 0 1 0 1 3 316.0
0 0 0 1 1 1 0 0 2 15.0
0 1 0 1 0 0 0 0 5 661.0
1 0 0 0 0 1 0 1 5 36.0
0 0 0 0 0 1 -1 -1 2 25.0
0 0 1 0 0 1 0 1 2 7.0
1 1 0 0 0 1 0 1 3 22.0
-1 -1 0 1 0 1 0 1 3 9.0
0 0 0 1 1 1 0 0 3 14.0
0 0 1 0 0 1 0 1 3 24.0
0 1 1 0 0 1 -1 -1 2 12.0
0 0 1 0 0 1 0 1 4 8.0
1 0 1 1 0 0 0 0 2 1.0
1 0 1 1 0 0 0 0 3 3.0
1 0 1 1 0 0 0 0 4 7.0
1 0 0 0 0 0 0 1 4 84.0
0 1 1 0 0 1 -1 -1 4 39.0
0 0 1 0 0 1 0 1 5 8.0
0 0 0 0 0 1 -1 -1 3 12.0
1 0 1 1 0 1 -1 -1 2 12.0
1 0 1 1 0 1 -1 -1 5 1.0
0 0 0 1 1 0 -1 -1 3 4.0
0 0 0 1 1 0 -1 -1 2 8.0
-1 -1 0 0 1 0 1 0 4 21.0
0 0 0 1 1 0 -1 -1 5 23.0
-1 -1 -1 -1 0 0 0 0 5 40.0
-1 -1 -1 -1 0 0 0 0 4 29.0
1 0 0 0 1 0 0 0 3 2.0
-1 -1 -1 -1 0 0 0 0 3 28.0
-1 -1 -1 -1 0 0 0 0 2 277.0
0 0 0 1 0 0 0 0 2 142.0
0 0 0 1 0 0 0 0 3 232.0
0 0 0 1 0 0 0 0 4 715.0
0 0 0 1 0 0 0 0 5 372.0
1 1 1 0 0 1 0 1 5 14.0
-1 -1 0 1 1 1 0 0 2 15.0
-1 -1 0 1 1 1 0 0 3 6.0
-1 -1 0 1 1 1 0 0 4 10.0
-1 -1 0 1 1 1 0 0 5 5.0
1 1 0 1 1 0 0 1 2 65.0
-1 -1 0 0 1 1 1 1 3 5.0
-1 -1 0 0 1 1 1 1 2 22.0
0 1 0 1 1 1 0 1 2 85.0
0 0 1 0 0 1 0 0 2 1.0
0 1 0 1 1 1 0 1 4 106.0
0 1 0 1 1 1 0 1 5 74.0
-1 -1 0 0 1 1 1 1 5 6.0
-1 -1 0 0 1 1 1 1 4 5.0
-1 -1 0 1 0 1 0 1 2 12.0
1 1 0 1 1 0 0 1 4 48.0
1 0 1 0 0 1 0 0 2 4.0
1 0 1 0 0 1 0 0 3 6.0
-1 -1 0 1 0 1 0 1 4 5.0
0 0 1 1 0 1 0 1 4 42.0
1 0 0 0 1 1 0 1 3 12.0
0 1 0 0 0 1 1 0 3 15.0
1 0 0 0 1 1 0 1 5 14.0
1 0 0 0 1 1 0 1 4 1.0
0 1 0 0 1 1 1 1 3 15.0
-1 -1 0 1 -1 -1 1 0 5 14.0
-1 -1 0 1 -1 -1 1 0 4 19.0
-1 -1 0 1 -1 -1 1 0 3 18.0
-1 -1 0 1 -1 -1 1 0 2 10.0
-1 -1 0 1 0 0 0 1 3 8.0
-1 -1 0 1 0 0 0 1 2 11.0
0 1 0 0 0 0 1 1 2 2.0
0 1 0 0 0 0 1 1 3 2.0
0 1 0 0 0 0 1 1 4 2.0
0 0 1 0 0 0 0 0 5 11.0
-1 -1 0 1 0 0 0 1 5 6.0
0 0 1 0 -1 -1 1 0 2 3.0
0 0 1 1 0 1 -1 -1 2 2.0
0 0 1 1 0 1 -1 -1 3 5.0
1 1 0 0 0 0 1 0 2 5.0
1 1 0 0 0 0 1 0 3 8.0
1 1 0 0 0 0 1 0 4 1.0
0 0 1 1 0 1 -1 -1 4 1.0
0 0 1 1 0 1 -1 -1 5 196.0
-1 -1 0 0 0 1 0 0 2 2.0
1 1 0 1 1 1 0 1 3 5.0
1 1 0 1 1 1 0 1 2 5.0
1 1 0 1 1 1 0 1 4 9.0
0 0 0 1 1 1 1 0 5 3.0
0 0 0 0 -1 -1 0 0 2 564.0
1 1 0 1 0 1 0 0 5 50.0
0 0 -1 -1 0 0 0 0 3 45.0
0 1 1 0 0 1 -1 -1 3 15.0
1 1 1 1 1 0 1 0 4 11.0
0 1 0 1 1 0 0 0 3 39.0
0 1 1 0 0 1 1 0 5 9.0
1 0 0 1 0 0 0 0 2 243.0
0 0 -1 -1 0 1 1 0 3 8.0
0 0 -1 -1 0 1 1 0 2 17.0
0 0 1 1 0 1 0 1 3 16.0
0 0 0 0 0 1 -1 -1 4 118.0
0 0 -1 -1 0 1 1 0 5 13.0
0 0 -1 -1 0 1 1 0 4 2.0
1 0 1 0 -1 -1 0 0 3 5.0
1 0 1 0 -1 -1 0 0 2 12.0
0 1 1 1 0 0 1 0 3 4.0
0 1 1 1 0 0 1 0 2 3.0
0 1 1 1 0 0 1 0 5 2.0
1 1 0 1 0 1 0 1 5 18.0
1 1 1 0 0 0 1 0 3 3.0
1 1 1 0 0 0 1 0 2 13.0
1 1 1 0 0 0 1 0 5 4.0
1 1 1 0 0 0 1 0 4 4.0
0 1 1 1 0 1 0 0 4 19.0
0 1 0 1 0 0 0 0 3 129.0
0 1 0 1 0 0 0 0 2 231.0
0 0 0 0 1 0 1 1 3 7.0
0 1 0 1 0 0 0 0 4 203.0
0 1 0 0 1 0 0 0 3 20.0
0 1 0 0 1 0 0 0 2 12.0
0 1 0 0 1 0 0 0 5 16.0
0 1 0 0 1 0 0 0 4 11.0
1 0 0 1 0 0 0 1 3 9772.0
-1 -1 0 0 0 1 0 1 3 10.0
-1 -1 0 0 0 1 0 1 2 119.0
-1 -1 0 0 0 1 0 1 5 7.0
-1 -1 0 0 0 1 0 1 4 7.0
0 1 1 0 0 0 0 0 5 5.0
0 1 1 0 0 0 0 0 4 1.0
-1 -1 0 0 1 0 1 0 3 10.0
1 0 0 1 0 0 0 1 4 695.0
