1 0 0 0 1 0 1 1 0 0 0 0 3 2.0
1 0 0 0 1 0 1 1 0 0 0 0 2 13.0
1 0 0 0 1 0 1 1 0 0 0 0 5 3.0
1 0 1 0 0 0 -1 -1 -1 0 0 0 2 4.0
1 0 1 0 0 0 -1 -1 -1 0 0 0 3 6.0
0 0 0 0 0 0 1 1 0 1 0 0 2 2.0
0 0 0 0 0 0 1 1 0 1 0 0 3 14.0
0 0 0 0 0 0 1 1 0 1 0 0 4 12.0
1 0 1 0 0 0 -1 -1 -1 0 0 0 4 14.0
1 0 1 0 0 0 -1 -1 -1 0 0 0 5 13.0
1 0 0 1 0 1 0 0 0 -1 -1 -1 2 2
1 1 0 0 1 0 1 0 0 1 1 0 2 20.0
0 0 0 0 1 0 -1 -1 -1 1 0 0 2 7
1 0 1 0 0 0 0 0 0 -1 -1 -1 3 1
-1 -1 -1 0 1 0 0 0 0 1 1 0 3 4.0
-1 -1 -1 0 1 0 0 0 0 1 1 0 2 8.0
0 1 0 0 0 0 0 0 0 0 1 0 3 302.0
0 1 0 0 0 0 0 0 0 0 1 0 2 310.0
0 1 0 0 0 0 0 0 0 0 1 0 5 323.0
0 1 0 0 0 0 0 0 0 0 1 0 4 327.0
-1 -1 -1 0 1 0 0 0 0 1 1 0 5 3.0
-1 -1 -1 0 1 0 0 0 0 1 1 0 4 1.0
0 0 0 -1 -1 -1 0 0 0 -1 -1 -1 5 25.0
0 0 0 -1 -1 -1 0 0 0 -1 -1 -1 4 15.0
0 0 0 -1 -1 -1 0 0 0 -1 -1 -1 3 22.0
0 0 0 -1 -1 -1 0 0 0 -1 -1 -1 2 191.0
1 1 0 0 0 0 1 0 0 1 1 0 5 2
0 1 0 0 0 0 0 1 0 1 1 0 3 38.0
0 1 0 0 0 0 0 1 0 1 1 0 2 81.0
0 1 0 0 0 0 0 1 0 1 1 0 5 18.0
0 1 0 0 0 0 0 1 0 1 1 0 4 38.0
0 0 0 -1 -1 -1 0 0 0 1 0 1 2 1.0
0 0 0 0 0 0 1 0 0 -1 -1 -1 2 2
-1 -1 -1 1 1 0 0 1 0 0 0 0 3 30.0
-1 -1 -1 1 1 0 0 1 0 0 0 0 2 12.0
0 0 0 0 1 0 1 0 0 0 1 0 2 6.0
-1 -1 -1 1 1 0 0 1 0 0 0 0 5 14.0
-1 -1 -1 1 1 0 0 1 0 0 0 0 4 59.0
1 0 0 0 1 0 -1 -1 -1 0 0 0 3 15.0
1 0 1 -1 -1 -1 0 0 1 0 0 0 2 7.0
0 1 0 1 0 0 0 0 0 0 0 0 3 8.0
0 1 0 1 0 0 0 0 0 0 0 0 2 1.0
0 1 0 1 0 0 0 0 0 0 0 0 4 13.0
0 0 0 1 1 0 0 1 0 -1 -1 -1 3 94.0
1 1 0 1 1 0 0 1 0 0 1 0 2 142.0
0 0 0 1 1 0 0 1 0 -1 -1 -1 5 198.0
0 0 0 1 1 0 0 1 0 -1 -1 -1 4 98.0
0 1 0 0 1 0 1 1 0 -1 -1 -1 2 48.0
0 1 0 0 1 0 1 1 0 -1 -1 -1 3 46.0
0 0 0 1 1 1 0 0 0 0 0 0 2 1.0
0 1 0 1 0 0 1 1 0 1 1 0 2 35.0
1 0 1 0 0 0 -1 -1 -1 -1 -1 -1 3 1.0
0 1 0 1 0 0 1 1 0 1 1 0 4 7.0
0 1 0 0 1 0 1 1 0 -1 -1 -1 4 22.0
0 1 0 0 1 0 1 1 0 -1 -1 -1 5 202.0
1 1 0 0 1 0 0 0 0 -1 -1 -1 2 4
1 0 0 0 1 0 -1 -1 -1 0 0 0 4 1.0
1 1 0 0 1 0 0 0 0 1 0 0 3 5.0
1 1 0 0 1 0 0 0 0 1 0 0 2 2.0
1 1 0 0 1 0 0 0 0 1 0 0 4 6.0
0 1 0 1 1 1 0 1 0 0 0 0 2 5.0
0 1 0 1 1 1 0 1 0 0 0 0 3 7.0
0 1 0 1 1 1 0 1 0 0 0 0 4 4.0
0 1 0 1 1 1 0 0 0 0 1 0 2 3.0
1 0 0 -1 -1 -1 0 1 0 0 1 0 4 1.0
0 0 0 1 1 1 0 1 0 1 0 1 2 1.0
1 0 0 1 1 0 0 1 0 -1 -1 -1 3 11.0
0 0 0 0 1 0 0 0 0 0 1 0 3 114.0
0 0 0 0 1 0 0 0 0 0 1 0 2 190.0
0 0 0 0 1 0 0 0 0 0 1 0 5 187.0
0 0 0 0 1 0 0 0 0 0 1 0 4 196.0
1 0 0 1 1 0 0 1 0 -1 -1 -1 4 10.0
1 0 0 1 1 0 0 1 0 -1 -1 -1 5 9.0
0 1 0 1 1 0 0 0 0 -1 -1 -1 3 24.0
1 0 0 1 1 0 1 1 0 1 1 0 3 5.0
1 0 0 1 1 0 1 1 0 1 1 0 4 3.0
0 0 0 0 0 0 1 0 0 -1 -1 -1 4 2.0
0 0 0 -1 -1 -1 0 1 0 0 0 1 2 6.0
10 N 2 8
1 1 0 0 1 0 1 0 0 1 1 0 3 5.0
0 1 0 0 1 0 0 0 0 0 0 1 3 2.0
1 1 0 0 1 0 1 0 0 1 1 0 5 34.0
1 1 0 0 1 0 1 0 0 1 1 0 4 13.0
10 N 5 1
0 1 0 0 1 0 -1 -1 -1 0 1 0 3 8.0
0 1 0 0 1 0 -1 -1 -1 0 1 0 2 78.0
0 1 0 0 1 0 0 1 0 0 0 1 2 3.0
0 1 0 0 1 0 -1 -1 -1 0 1 0 5 15.0
0 1 0 0 1 0 -1 -1 -1 0 1 0 4 10.0
0 1 0 0 1 0 0 1 0 0 0 1 5 15.0
0 1 0 0 1 0 0 1 0 0 0 0 2 837.0
0 1 0 0 1 0 0 1 0 0 0 1 4 3.0
0 0 0 -1 -1 -1 0 0 0 0 0 1 3 20.0
0 0 0 -1 -1 -1 0 0 0 0 0 1 2 1.0
0 0 0 0 0 0 0 1 0 0 0 0 2 116.0
0 0 0 0 0 0 0 1 0 0 0 0 3 899.0
0 0 0 0 0 0 0 1 0 0 0 0 4 639.0
0 0 0 0 0 0 0 1 0 0 0 0 5 154.0
0 0 0 -1 -1 -1 0 0 0 0 0 1 4 8.0
0 1 0 0 1 0 0 1 0 0 0 0 4 2351.0
0 0 0 1 1 0 0 1 0 1 1 0 2 19.0
1 1 0 0 1 0 -1 -1 -1 0 0 0 4 1
-1 -1 -1 0 1 0 0 1 0 0 1 0 3 18.0
-1 -1 -1 0 1 0 0 1 0 0 1 0 2 21.0
0 1 0 1 1 0 -1 -1 -1 0 1 0 2 11.0
0 0 0 1 1 0 0 1 0 1 1 0 3 25.0
0 1 0 1 1 0 -1 -1 -1 0 1 0 4 9.0
0 1 0 1 1 0 -1 -1 -1 0 1 0 5 5.0
-1 -1 -1 0 1 0 0 1 0 0 1 0 5 9.0
-1 -1 -1 0 1 0 0 1 0 0 1 0 4 3.0
0 1 0 0 0 0 -1 -1 -1 -1 -1 -1 5 45.0
0 0 0 1 1 0 0 1 0 1 1 0 4 27.0
0 0 0 0 1 0 0 1 0 1 0 0 2 16.0
0 0 0 0 1 0 0 1 0 1 0 0 3 15.0
0 0 0 0 1 0 0 1 0 1 0 0 4 4.0
0 0 0 0 1 0 0 1 0 1 0 0 5 13.0
0 0 0 1 1 0 0 1 0 1 1 0 5 26.0
1 0 0 0 1 0 0 0 0 0 1 0 5 325.0
0 0 0 1 1 0 0 0 0 -1 -1 -1 5 30.0
0 1 0 1 0 0 -1 -1 -1 0 0 0 2 2.0
0 1 0 1 0 0 -1 -1 -1 0 0 0 3 11.0
0 1 0 0 0 0 1 1 0 0 1 0 3 32.0
0 1 0 0 0 0 1 1 0 0 1 0 2 218.0
0 1 0 0 0 0 1 1 0 0 1 0 5 149.0
0 1 0 0 0 0 1 1 0 0 1 0 4 79.0
0 1 0 1 0 0 -1 -1 -1 0 0 0 4 5.0
0 1 0 1 0 0 -1 -1 -1 0 0 0 5 6.0
1 0 0 0 0 0 0 1 0 -1 -1 -1 2 8.0
1 0 0 0 0 0 0 1 0 -1 -1 -1 3 26.0
0 1 0 0 1 0 1 0 0 0 1 0 3 145.0
0 1 0 0 1 0 1 0 0 0 1 0 2 442.0
0 1 0 0 1 0 1 0 0 0 1 0 5 194.0
0 1 0 0 1 0 1 0 0 0 1 0 4 351.0
1 0 0 0 0 0 0 1 0 -1 -1 -1 4 2.0
1 0 0 0 0 0 0 1 0 -1 -1 -1 5 1.0
-1 -1 -1 0 0 0 -1 -1 -1 1 0 0 2 1.0
0 1 0 0 0 0 0 1 0 0 0 0 3 227.0
0 1 0 0 0 0 0 1 0 0 0 0 2 222.0
0 1 0 0 0 0 0 1 0 0 0 0 5 267.0
0 1 0 0 0 0 0 1 0 0 0 0 4 298.0
0 0 0 0 1 0 -1 -1 -1 1 0 1 3 4
0 1 0 -1 -1 -1 0 1 0 1 0 0 2 2.0
0 0 0 0 1 0 -1 -1 -1 1 0 1 5 3
0 0 0 0 1 0 -1 -1 -1 1 0 1 4 4
-1 -1 -1 0 1 0 0 0 0 0 1 0 2 30.0
-1 -1 -1 0 1 0 0 0 0 0 1 0 3 27.0
0 0 0 1 1 0 0 1 0 0 1 0 3 17.0
0 0 0 1 1 0 0 1 0 0 1 0 2 35.0
0 1 0 0 0 0 -1 -1 -1 -1 -1 -1 2 29.0
0 1 0 0 0 0 -1 -1 -1 -1 -1 -1 3 656.0
-1 -1 -1 0 1 0 0 0 0 0 1 0 4 12.0
-1 -1 -1 0 1 0 0 0 0 0 1 0 5 33.0
0 1 0 1 0 0 0 0 0 1 1 0 2 7.0
0 0 0 -1 -1 -1 1 0 1 0 0 0 2 8.0
0 0 0 -1 -1 -1 1 0 1 0 0 0 3 7.0
0 0 0 0 0 0 1 0 0 0 0 0 2 14.0
0 0 0 0 0 0 1 0 0 0 0 0 3 2.0
1 0 0 0 0 0 1 0 0 0 0 0 5 8.0
0 0 0 0 0 0 1 0 0 0 0 0 5 39.0
0 0 0 -1 -1 -1 1 0 1 0 0 0 4 3.0
0 0 0 -1 -1 -1 1 0 1 0 0 0 5 1.0
0 0 0 1 1 0 0 0 0 0 0 0 3 14.0
0 0 0 1 1 0 0 0 0 0 0 0 2 16.0
0 0 0 1 1 0 0 0 0 0 0 0 5 9.0
0 0 0 1 1 0 0 0 0 0 0 0 4 10.0
0 1 0 1 1 0 0 0 0 1 0 0 3 2.0
1 0 0 -1 -1 -1 0 1 0 0 0 0 5 11
0 0 0 1 1 0 1 0 0 -1 -1 -1 4 5.0
1 1 0 0 1 0 0 1 0 0 0 0 3 67.0
0 0 0 0 1 0 0 0 0 1 1 0 2 13.0
0 0 0 0 1 0 0 0 0 1 1 0 3 4.0
0 0 0 0 1 0 0 0 0 1 1 0 4 1.0
0 0 0 0 1 0 0 0 0 1 1 0 5 1.0
1 1 0 -1 -1 -1 1 0 0 0 0 0 4 4.0
0 1 0 1 1 0 0 0 0 1 0 0 5 2.0
1 1 0 1 1 0 0 0 0 0 0 0 3 15.0
1 1 0 1 1 0 0 0 0 0 0 0 2 6.0
1 1 0 1 1 0 0 0 0 0 0 0 5 15.0
1 1 0 1 1 0 0 0 0 0 0 0 4 18.0
0 0 0 1 1 0 0 0 0 -1 -1 -1 2 12.0
1 0 0 1 1 0 1 1 0 0 1 0 2 12.0
0 0 0 1 1 0 0 0 0 -1 -1 -1 3 9.0
1 1 0 0 1 0 1 1 0 0 0 0 4 22.0
1 0 0 1 1 0 1 1 0 0 1 0 4 30.0
-1 -1 -1 0 1 0 0 0 0 0 0 0 2 229.0
1 1 0 0 0 0 1 0 0 1 1 0 2 2
1 1 0 0 0 0 1 0 0 1 1 0 3 18
1 1 0 0 0 0 1 0 0 1 1 0 4 2
0 1 0 -1 -1 -1 0 0 0 0 0 0 3 30.0
0 1 0 -1 -1 -1 0 0 0 0 0 0 2 37.0
0 0 0 1 1 0 0 0 0 -1 -1 -1 4 3.0
0 0 0 0 0 0 -1 -1 -1 0 1 0 3 2.0
0 0 0 0 0 0 -1 -1 -1 0 1 0 2 2.0
1 0 0 -1 -1 -1 0 1 0 0 1 0 2 4.0
1 1 1 -1 -1 -1 1 0 1 0 0 0 4 3.0
0 0 0 0 0 0 -1 -1 -1 0 1 0 5 44.0
0 0 0 0 0 0 -1 -1 -1 0 1 0 4 2.0
0 1 0 0 1 0 0 1 0 0 0 1 3 4.0
0 1 0 1 0 0 0 1 0 0 0 0 3 22.0
0 1 0 1 0 0 0 1 0 0 0 0 4 25.0
0 1 0 1 0 0 0 1 0 0 0 0 5 30.0
-1 -1 -1 0 1 0 0 0 0 1 0 0 4 8.0
-1 -1 -1 0 1 0 0 0 0 1 0 0 5 13.0
1 0 0 1 1 0 1 0 0 1 1 0 3 6.0
1 0 0 1 1 0 1 0 0 1 1 0 2 3.0
1 0 0 1 1 0 1 0 0 1 1 0 5 10.0
0 1 0 0 0 0 0 0 0 1 0 0 3 17.0
0 1 0 0 1 1 -1 -1 -1 0 1 0 5 28.0
1 1 1 -1 -1 -1 0 1 0 0 0 0 2 4.0
1 1 1 -1 -1 -1 0 1 0 0 0 0 3 3.0
0 0 0 1 1 1 -1 -1 -1 0 1 0 4 6.0
1 1 0 -1 -1 -1 0 1 0 0 1 0 2 16.0
1 1 0 -1 -1 -1 0 1 0 0 1 0 3 7.0
0 0 0 0 0 0 0 1 0 -1 -1 -1 3 137.0
0 0 0 0 0 0 0 1 0 -1 -1 -1 2 43.0
0 0 0 0 0 0 0 1 0 -1 -1 -1 5 256.0
0 0 0 0 0 0 0 1 0 -1 -1 -1 4 34.0
0 1 0 0 0 0 0 0 0 1 0 0 4 92.0
1 1 0 0 1 0 1 0 0 0 0 0 3 1.0
1 1 0 0 1 0 1 0 0 0 0 0 2 16.0
0 1 0 0 1 1 -1 -1 -1 0 1 0 4 3.0
1 1 0 0 1 0 1 0 0 0 0 0 4 17.0
1 0 0 1 1 0 0 1 0 0 0 0 3 13.0
1 0 0 1 1 0 0 1 0 0 0 0 2 3.0
1 1 0 0 1 0 -1 -1 -1 -1 -1 -1 2 46.0
0 0 0 1 0 0 0 1 0 0 1 0 2 1.0
1 1 0 0 0 0 0 1 0 1 1 0 2 4.0
0 0 0 1 1 0 0 1 0 -1 -1 -1 2 90.0
1 0 0 1 1 0 1 0 0 0 0 0 5 3.0
1 0 0 1 1 0 0 1 0 0 0 0 5 22.0
0 1 0 -1 -1 -1 0 0 0 0 1 0 2 118.0
0 1 0 -1 -1 -1 0 0 0 0 1 0 3 128.0
0 1 0 -1 -1 -1 0 0 0 0 1 0 4 22.0
0 1 0 -1 -1 -1 0 0 0 0 1 0 5 18.0
1 0 0 1 1 0 0 1 0 0 0 0 4 31.0
0 1 1 0 0 0 -1 -1 -1 0 0 0 3 7.0
0 1 0 -1 -1 -1 1 1 1 0 1 0 2 1.0
0 1 0 -1 -1 -1 0 1 0 0 0 0 2 67.0
1 1 0 0 1 0 1 1 0 1 0 0 4 13.0
0 1 0 0 1 0 1 0 0 1 0 0 3 11.0
0 1 0 0 1 0 1 0 0 1 0 0 2 19.0
0 1 0 0 1 0 1 0 0 1 0 0 5 5.0
0 1 0 0 1 0 1 0 0 1 0 0 4 5.0
0 0 0 0 1 1 0 0 0 0 0 1 5 7.0
0 1 0 0 0 0 0 0 0 1 0 0 2 53.0
1 1 0 1 0 0 0 1 0 0 1 0 2 13.0
1 0 0 -1 -1 -1 0 0 0 -1 -1 -1 5 4
0 1 0 0 0 0 1 1 0 1 0 0 3 3
1 0 0 1 0 0 0 0 0 0 1 0 3 3.0
0 1 0 0 0 0 1 1 0 1 0 0 5 46
1 1 0 0 0 0 0 1 0 1 1 0 4 3.0
-1 -1 -1 0 0 0 1 0 0 0 0 0 4 14.0
1 0 0 1 0 0 0 1 0 0 1 0 2 1.0
0 0 0 0 1 1 0 0 0 0 0 0 4 1.0
1 1 0 0 1 0 0 0 0 0 0 0 2 8.0
1 1 0 0 1 0 0 0 0 0 0 0 3 59.0
1 1 0 0 1 0 0 0 0 0 0 0 4 34.0
1 1 0 0 1 0 0 0 0 0 0 0 5 11.0
0 1 0 0 1 0 0 0 0 1 1 0 3 88.0
1 0 0 1 0 0 0 1 0 0 0 0 3 3.0
1 0 0 1 0 0 0 1 0 0 0 0 4 3.0
0 1 0 0 1 0 0 0 0 1 1 0 4 184.0
0 1 0 1 0 0 0 1 0 1 0 0 2 49.0
0 0 0 -1 -1 -1 1 0 0 1 0 1 4 1.0
0 0 0 1 0 0 0 1 0 -1 -1 -1 5 14.0
1 0 0 0 1 0 -1 -1 -1 0 0 0 5 8.0
1 1 0 0 1 0 0 1 0 0 0 0 4 204.0
0 0 0 0 1 0 -1 -1 -1 1 1 1 2 3.0
0 0 0 0 1 0 -1 -1 -1 1 1 1 3 2.0
0 0 0 0 1 0 -1 -1 -1 1 1 1 4 1.0
0 0 0 0 1 0 -1 -1 -1 1 1 1 5 1.0
0 0 0 0 0 0 0 0 0 -1 -1 -1 2 231.0
0 0 0 0 0 0 0 0 0 -1 -1 -1 3 16.0
0 1 0 1 0 0 0 1 0 1 0 0 5 73.0
0 1 0 1 1 0 -1 -1 -1 0 0 0 3 7.0
0 0 0 0 0 0 0 0 0 -1 -1 -1 4 29.0
0 0 0 0 0 0 0 0 0 -1 -1 -1 5 28.0
-1 -1 -1 1 1 0 0 0 0 0 0 0 2 36.0
-1 -1 -1 1 1 0 0 0 0 0 0 0 3 10.0
0 1 0 0 0 0 0 0 0 0 0 0 2 96.0
1 0 0 0 0 0 0 1 0 0 0 0 2 23.0
1 0 0 -1 -1 -1 0 0 1 0 0 0 4 7.0
0 1 0 0 0 0 0 0 0 0 0 0 5 164.0
-1 -1 -1 1 1 0 0 0 0 0 0 0 4 20.0
-1 -1 -1 1 1 0 0 0 0 0 0 0 5 19.0
1 0 0 -1 -1 -1 0 0 0 -1 -1 -1 3 1
1 1 1 -1 -1 -1 0 0 1 0 0 0 2 5.0
1 1 1 -1 -1 -1 0 0 1 0 0 0 5 1.0
1 1 0 0 1 1 -1 -1 -1 0 0 0 5 8
1 0 1 -1 -1 -1 0 0 0 -1 -1 -1 2 1.0
1 1 0 -1 -1 -1 0 0 0 -1 -1 -1 5 2.0
0 0 0 1 1 0 0 1 0 0 0 0 3 30.0
1 1 0 -1 -1 -1 0 0 0 -1 -1 -1 3 6.0
1 1 0 -1 -1 -1 0 0 0 -1 -1 -1 2 8.0
0 0 0 -1 -1 -1 0 0 1 0 0 0 3 3.0
0 0 0 -1 -1 -1 0 0 1 0 0 0 2 4.0
1 1 0 1 0 0 0 0 0 0 1 0 3 18.0
1 0 1 1 0 0 -1 -1 -1 -1 -1 -1 5 1.0
1 0 1 1 0 0 -1 -1 -1 -1 -1 -1 2 1.0
1 1 0 1 0 0 0 0 0 0 1 0 4 2.0
0 0 0 -1 -1 -1 0 0 1 0 0 0 5 3.0
0 0 0 1 1 0 0 1 0 0 0 0 5 3.0
0 1 0 1 0 0 0 0 0 1 0 0 3 12
1 0 0 0 0 0 0 0 0 -1 -1 -1 3 1.0
0 0 0 1 1 0 1 0 0 0 0 0 3 1.0
1 0 0 0 0 0 0 0 0 -1 -1 -1 5 23.0
0 0 0 1 1 0 1 0 0 0 0 0 5 1.0
-1 -1 -1 0 1 0 0 1 0 1 1 0 3 6.0
0 1 0 0 0 0 0 0 0 1 1 0 2 49.0
0 1 0 0 0 0 0 0 0 1 1 0 3 42.0
0 1 0 0 0 0 0 0 0 1 1 0 4 33.0
0 1 0 0 0 0 0 0 0 1 1 0 5 44.0
-1 -1 -1 0 1 0 0 1 0 1 1 0 4 1.0
-1 -1 -1 0 1 0 0 1 0 1 1 0 5 2.0
0 1 0 0 1 0 0 0 0 1 0 1 5 3.0
0 0 0 1 0 0 1 0 0 0 1 0 2 17.0
0 1 0 0 0 0 1 1 0 -1 -1 -1 2 3.0
0 1 0 0 0 0 1 1 0 -1 -1 -1 5 5.0
0 0 0 0 1 0 0 0 0 1 0 0 4 27.0
0 0 0 1 0 0 -1 -1 -1 0 0 0 3 1.0
0 0 0 1 0 0 -1 -1 -1 0 0 0 2 2.0
0 0 0 1 0 0 -1 -1 -1 0 0 0 5 1.0
1 1 0 1 1 0 0 1 0 0 1 0 3 16.0
1 1 0 1 1 0 0 1 0 0 0 0 2 5.0
0 1 0 -1 -1 -1 0 1 0 1 0 1 3 3.0
1 1 0 1 1 0 0 1 0 0 0 0 4 29.0
1 1 0 1 1 0 0 1 0 0 0 0 5 2.0
1 1 0 1 1 0 0 1 0 0 1 0 5 65.0
1 1 0 0 1 0 1 1 0 0 0 0 5 18.0
0 0 0 0 1 1 0 0 0 0 0 1 2 2.0
0 1 0 0 1 0 1 1 0 0 0 0 3 47.0
0 0 0 1 0 0 0 0 0 0 0 0 5 1.0
0 1 0 1 1 0 0 0 0 1 1 0 2 12.0
0 1 0 1 1 0 0 0 0 1 1 0 3 18.0
0 1 0 1 1 0 0 0 0 1 1 0 4 3.0
0 1 0 1 1 0 0 0 0 1 1 0 5 1.0
0 1 0 1 1 0 1 1 0 1 1 0 2 9.0
1 0 0 0 1 0 0 1 0 0 0 0 2 340.0
0 0 0 0 1 0 0 1 0 0 0 0 3 416.0
0 0 0 0 1 0 0 1 0 0 0 0 2 302.0
0 0 0 0 1 0 0 1 0 0 0 0 5 476.0
0 0 0 0 1 0 0 1 0 0 0 0 4 338.0
1 0 1 0 0 0 -1 -1 -1 1 0 0 4 2.0
1 1 0 1 1 0 0 1 0 1 0 0 3 2.0
1 1 0 1 1 0 0 1 0 1 1 0 2 5.0
1 1 0 1 1 0 0 1 0 1 1 0 3 4.0
1 1 0 1 1 0 0 1 0 1 1 0 4 15.0
1 1 0 1 1 0 0 1 0 1 1 0 5 4.0
0 1 0 1 0 0 0 1 0 0 1 0 3 110.0
0 1 0 1 0 0 0 1 0 0 1 0 2 145.0
0 1 0 1 0 0 0 1 0 0 1 0 5 44.0
0 1 0 1 0 0 0 1 0 0 1 0 4 46.0
1 1 0 0 0 0 0 1 0 0 1 0 3 52.0
1 1 0 0 0 0 0 1 0 0 1 0 2 29.0
1 1 0 0 0 0 0 1 0 0 1 0 5 33.0
1 1 0 0 0 0 0 1 0 0 1 0 4 18.0
1 0 1 0 0 0 -1 -1 -1 -1 -1 -1 2 1.0
0 0 0 1 1 1 0 0 0 0 0 1 2 3.0
-1 -1 -1 0 0 0 0 0 0 0 0 0 2 52.0
-1 -1 -1 0 0 0 0 0 0 0 0 0 3 4.0
0 0 0 1 0 0 0 1 0 0 1 0 4 4.0
0 1 0 1 0 0 0 1 0 -1 -1 -1 2 26.0
1 1 0 0 0 0 1 1 0 0 0 0 5 10.0
0 1 0 1 0 0 0 1 0 -1 -1 -1 4 20.0
-1 -1 -1 0 0 0 0 0 0 0 0 0 4 3.0
-1 -1 -1 0 0 0 0 0 0 0 0 0 5 5.0
-1 -1 -1 1 1 0 0 1 0 1 0 0 2 3.0
-1 -1 -1 1 1 0 0 1 0 1 0 0 3 4.0
1 1 0 0 0 0 0 0 0 0 0 0 3 21.0
1 1 1 0 0 0 -1 -1 -1 0 0 0 2 10.0
1 1 0 0 0 0 0 0 0 0 0 0 5 33.0
1 1 0 0 0 0 0 0 0 0 0 0 4 58.0
-1 -1 -1 1 1 0 0 1 0 1 0 0 4 5.0
0 0 0 0 1 0 0 1 0 0 1 0 2 938.0
1 0 0 0 1 0 0 0 0 -1 -1 -1 2 19.0
1 0 0 0 1 0 0 0 0 0 1 0 4 494.0
0 0 0 1 0 0 0 0 0 -1 -1 -1 3 5.0
0 0 0 1 0 0 0 0 0 -1 -1 -1 2 1.0
0 0 0 1 0 0 0 0 0 -1 -1 -1 5 12.0
0 0 0 1 0 0 0 0 0 -1 -1 -1 4 1.0
1 0 0 0 1 0 0 0 0 -1 -1 -1 5 33.0
1 0 0 1 1 0 0 0 0 0 0 0 2 6.0
1 0 0 1 1 0 0 0 0 0 0 0 3 8.0
1 0 0 1 1 0 0 0 0 0 0 0 4 2.0
1 0 0 1 1 0 0 0 0 0 0 0 5 7.0
1 1 0 1 1 0 1 1 0 0 0 0 2 7.0
0 0 0 1 1 0 -1 -1 -1 0 0 0 2 5
0 0 0 1 1 0 -1 -1 -1 0 0 0 4 5.0
0 1 0 -1 -1 -1 1 0 0 0 1 0 4 9
1 1 0 0 1 0 0 0 0 1 1 0 2 1.0
1 1 0 0 1 0 0 0 0 1 1 0 3 23.0
1 1 0 0 1 0 0 0 0 1 1 0 4 14.0
1 1 0 0 1 0 0 0 0 1 1 0 5 6.0
0 1 0 0 1 0 0 0 0 0 0 0 3 360.0
0 1 0 0 1 0 0 0 0 0 0 0 2 400.0
0 1 0 0 1 0 0 0 0 0 0 0 5 311.0
0 1 0 0 1 0 0 0 0 0 0 0 4 1220.0
1 0 0 0 1 0 1 0 0 -1 -1 -1 3 4.0
1 0 0 0 0 0 0 1 0 1 0 0 2 10
1 0 0 -1 -1 -1 1 0 0 0 0 0 2 2.0
1 0 0 -1 -1 -1 1 0 0 0 0 0 4 4.0
0 1 0 1 1 0 0 1 0 1 1 0 5 37.0
0 0 1 -1 -1 -1 0 1 0 0 0 0 3 8
0 0 1 -1 -1 -1 0 1 0 0 0 0 5 3
0 1 0 -1 -1 -1 0 1 0 1 0 0 5 2.0
0 0 0 1 0 0 1 0 0 -1 -1 -1 2 1
0 0 0 1 0 0 1 0 0 -1 -1 -1 3 10
1 1 0 -1 -1 -1 0 1 0 -1 -1 -1 2 18.0
0 1 0 0 0 0 1 1 0 1 0 0 2 34
-1 -1 -1 1 0 0 0 1 0 0 0 0 2 6.0
-1 -1 -1 1 0 0 0 1 0 0 0 0 3 4.0
1 0 0 0 1 0 0 1 0 -1 -1 -1 3 82.0
-1 -1 -1 1 0 0 0 1 0 0 0 0 4 12.0
-1 -1 -1 1 0 0 0 1 0 0 0 0 5 2.0
-1 -1 -1 0 1 0 1 1 0 0 0 0 3 13.0
-1 -1 -1 0 1 0 1 1 0 0 0 0 2 3.0
0 0 0 0 1 0 -1 -1 -1 0 1 0 2 44.0
0 0 0 0 1 0 -1 -1 -1 0 1 0 3 41.0
0 0 0 0 1 0 -1 -1 -1 0 1 0 4 55.0
0 0 0 0 1 0 -1 -1 -1 0 1 0 5 27.0
1 1 0 1 0 0 0 1 0 0 0 0 5 13.0
-1 -1 -1 0 1 0 1 1 0 0 0 0 4 18.0
1 0 0 0 1 0 0 1 0 -1 -1 -1 5 121.0
0 0 1 -1 -1 -1 0 0 0 -1 -1 -1 2 1
0 1 0 -1 -1 -1 0 1 0 1 0 0 4 4.0
1 0 0 0 1 0 0 1 0 -1 -1 -1 4 42.0
0 1 0 0 1 0 -1 -1 -1 1 0 1 2 2
0 0 0 1 1 0 0 0 0 0 1 0 3 2.0
0 0 0 1 1 0 0 0 0 0 1 0 4 8.0
0 0 0 1 1 0 0 0 0 0 1 0 5 11.0
0 0 0 1 1 0 1 1 0 -1 -1 -1 2 14.0
0 0 0 1 1 0 1 1 0 -1 -1 -1 3 8.0
1 1 0 0 1 0 0 1 0 0 1 0 2 869.0
1 1 0 0 1 0 0 1 0 0 1 0 3 1214.0
1 1 0 0 1 0 0 1 0 0 1 0 4 653.0
1 1 0 0 1 0 0 1 0 0 1 0 5 824.0
0 0 0 1 1 0 1 1 0 -1 -1 -1 4 3.0
0 0 0 1 1 0 1 1 0 -1 -1 -1 5 13.0
0 0 0 1 1 0 -1 -1 -1 0 1 0 3 13.0
0 0 0 1 1 0 -1 -1 -1 0 1 0 2 18.0
0 1 0 0 1 0 1 0 0 0 0 0 2 34.0
0 1 0 0 1 0 1 0 0 0 0 0 3 19.0
0 1 0 0 1 0 1 0 0 0 0 0 4 27.0
0 0 0 1 1 0 -1 -1 -1 0 1 0 4 10.0
0 0 0 -1 -1 -1 1 0 0 0 1 0 2 16.0
0 0 0 -1 -1 -1 1 0 0 0 1 0 3 27.0
0 1 0 1 1 0 -1 -1 -1 1 1 0 2 4.0
0 1 0 1 1 0 -1 -1 -1 1 1 0 4 1.0
0 0 0 -1 -1 -1 1 0 0 0 1 0 4 8.0
0 0 0 -1 -1 -1 1 0 0 0 1 0 5 5.0
0 1 0 1 1 1 0 1 0 0 0 1 3 7.0
0 1 0 1 1 1 0 1 0 0 0 1 2 18.0
0 1 0 1 1 1 0 1 0 0 0 1 4 1.0
0 0 0 0 1 0 1 0 0 1 0 0 4 1.0
1 1 0 0 1 0 1 1 0 0 1 0 3 39.0
1 1 0 0 1 0 1 1 0 0 1 0 2 16.0
1 1 0 0 1 0 1 1 0 0 1 0 5 36.0
0 1 0 1 1 0 0 1 0 1 1 0 4 116.0
0 0 0 1 1 1 -1 -1 -1 0 0 0 4 1
0 0 0 0 1 0 -1 -1 -1 -1 -1 -1 4 18.0
1 0 0 0 1 0 1 0 0 -1 -1 -1 2 2.0
0 1 0 1 0 0 0 0 0 1 0 0 4 3.0
1 0 0 0 1 0 1 0 0 -1 -1 -1 4 6.0
0 0 1 -1 -1 -1 0 0 0 -1 -1 -1 3 13
0 0 0 -1 -1 -1 0 0 0 0 0 0 2 281.0
0 0 0 -1 -1 -1 0 0 0 0 0 0 3 27.0
0 1 0 0 0 0 0 1 0 0 1 0 2 632.0
0 1 0 0 0 0 0 1 0 0 1 0 3 858.0
0 1 0 0 0 0 0 1 0 0 1 0 4 750.0
0 1 0 0 0 0 0 1 0 0 1 0 5 995.0
0 0 0 -1 -1 -1 0 0 0 0 0 0 4 19.0
0 0 0 -1 -1 -1 0 0 0 0 0 0 5 37.0
0 1 0 0 0 0 0 0 0 0 0 0 3 133.0
0 0 0 0 0 0 0 0 0 0 1 0 2 155.0
0 0 0 0 0 0 1 1 0 0 0 0 2 6.0
0 0 0 0 1 0 1 0 0 1 0 0 5 1.0
0 1 0 1 1 0 0 1 0 1 0 0 5 7.0
1 0 0 0 1 0 0 1 0 0 0 0 4 231.0
0 1 0 1 1 0 1 1 0 1 0 0 3 8.0
0 1 0 0 0 0 1 0 0 1 1 0 2 28.0
0 1 0 0 0 0 1 0 0 1 1 0 5 19.0
0 1 0 1 1 0 1 1 0 1 0 0 4 24.0
1 0 0 0 1 0 0 1 0 0 0 0 5 281.0
0 1 0 1 1 0 0 1 0 0 0 0 3 72.0
0 1 0 1 1 0 0 1 0 1 1 0 2 113.0
1 1 0 0 1 0 1 1 0 1 0 0 5 5.0
0 1 0 1 1 0 0 1 0 0 0 0 4 128.0
0 0 0 0 1 1 0 0 0 0 0 1 4 18.0
0 1 0 0 0 0 1 0 0 1 1 0 3 9.0
1 1 0 0 0 0 0 0 0 0 1 0 2 27.0
0 1 0 0 0 0 0 0 0 0 0 0 4 227.0
1 0 0 0 1 0 -1 -1 -1 -1 -1 -1 2 2.0
1 1 0 0 0 0 0 0 0 0 1 0 3 32.0
1 0 0 1 0 0 0 0 0 -1 -1 -1 2 6
1 0 0 0 1 0 0 1 0 0 0 0 3 377.0
-1 -1 -1 0 1 0 -1 -1 -1 0 0 1 3 4.0
0 1 0 -1 -1 -1 1 1 0 1 0 0 3 10.0
-1 -1 -1 0 1 0 -1 -1 -1 0 0 1 5 1.0
0 1 0 -1 -1 -1 1 1 0 1 0 0 5 15.0
1 1 0 0 0 0 0 0 0 0 1 0 5 48.0
0 1 0 0 1 0 -1 -1 -1 -1 -1 -1 5 13.0
0 1 0 0 1 0 0 0 0 1 1 0 2 74.0
0 1 0 0 1 0 -1 -1 -1 -1 -1 -1 3 15.0
0 1 0 0 1 0 -1 -1 -1 -1 -1 -1 2 2.0
0 0 0 0 0 0 0 0 0 1 0 0 2 1.0
0 1 0 0 1 0 0 0 0 1 1 0 5 51.0
1 1 0 1 1 0 0 0 0 0 1 0 2 9.0
1 1 0 1 1 0 0 0 0 0 1 0 3 7.0
1 1 0 1 1 0 0 0 0 0 1 0 4 3.0
0 0 0 0 1 0 0 1 0 1 0 1 3 1.0
0 1 0 0 0 0 -1 -1 -1 0 1 0 2 8.0
0 0 0 0 1 0 0 1 0 1 0 1 2 5.0
1 1 0 0 0 0 1 1 0 -1 -1 -1 2 4.0
0 0 0 0 1 0 0 1 0 1 0 1 5 1.0
0 1 0 -1 -1 -1 1 0 0 1 1 0 2 16
0 0 0 0 1 0 -1 -1 -1 0 1 1 3 11.0
0 0 0 -1 -1 -1 0 1 0 -1 -1 -1 3 35.0
0 1 0 1 0 0 0 0 0 1 0 0 5 11.0
0 1 0 1 1 0 0 1 0 -1 -1 -1 2 117.0
0 1 0 1 1 0 0 1 0 -1 -1 -1 3 104.0
0 0 0 0 1 0 -1 -1 -1 0 1 1 2 2.0
0 1 0 1 1 0 0 1 0 -1 -1 -1 4 143.0
0 1 0 1 1 0 0 1 0 -1 -1 -1 5 332.0
-1 -1 -1 0 0 0 -1 -1 -1 0 0 0 5 22.0
-1 -1 -1 0 0 0 -1 -1 -1 0 0 0 4 17.0
-1 -1 -1 0 0 0 -1 -1 -1 0 0 0 3 20.0
-1 -1 -1 0 0 0 -1 -1 -1 0 0 0 2 138.0
0 1 0 0 0 0 -1 -1 -1 0 1 0 3 6.0
0 1 0 1 0 0 1 1 0 1 0 0 2 9
1 0 0 0 1 0 0 1 0 0 1 0 3 8315.0
1 0 0 0 1 0 0 1 0 0 1 0 2 7625.0
1 0 0 0 1 0 0 1 0 0 1 0 5 8269.0
1 0 0 0 1 0 0 1 0 0 1 0 4 11667.0
0 1 0 -1 -1 -1 0 0 0 0 0 1 2 14.0
1 0 0 0 0 0 0 0 0 0 1 0 3 201.0
1 0 0 0 0 0 0 0 0 0 1 0 2 35.0
1 0 0 0 0 0 0 0 0 0 1 0 5 36.0
0 1 0 1 1 0 0 0 0 0 1 0 3 54.0
1 1 0 -1 -1 -1 0 0 1 0 0 0 3 3.0
1 1 0 -1 -1 -1 0 0 1 0 0 0 2 9.0
1 0 0 1 1 0 0 0 0 0 1 0 3 4.0
1 0 0 1 1 0 0 0 0 0 1 0 2 5.0
1 1 0 0 1 0 1 0 0 0 1 0 4 90.0
1 0 0 1 1 0 0 0 0 0 1 0 4 1.0
1 0 0 0 1 0 0 1 0 1 1 0 3 26.0
1 1 0 -1 -1 -1 0 0 1 0 0 0 4 3.0
1 0 1 -1 -1 -1 1 0 1 0 0 0 2 1.0
0 1 0 1 1 0 0 0 0 0 1 0 5 53.0
1 0 0 0 1 0 0 0 0 0 0 0 3 22.0
1 0 0 0 1 0 0 0 0 0 0 0 2 45.0
1 0 0 0 1 0 0 0 0 0 0 0 5 41.0
0 1 0 0 0 0 -1 -1 -1 0 1 0 5 7.0
1 0 1 -1 -1 -1 1 0 1 0 0 0 4 3.0
0 1 0 1 1 0 0 0 0 0 1 0 4 100.0
0 1 0 0 1 0 0 1 0 1 0 0 2 90.0
0 1 0 1 1 0 0 1 0 1 1 0 3 240.0
0 1 0 0 1 0 -1 -1 -1 0 0 1 3 7.0
0 1 0 0 1 0 0 1 0 1 0 0 5 45.0
0 1 0 -1 -1 -1 0 1 0 0 0 1 3 2.0
0 1 0 -1 -1 -1 0 1 0 0 0 1 2 14.0
0 1 0 -1 -1 -1 0 1 0 0 0 1 5 6.0
1 1 0 0 0 0 -1 -1 -1 -1 -1 -1 2 33
1 0 0 1 1 0 1 1 0 1 1 0 5 9.0
0 1 0 0 0 0 -1 -1 -1 1 0 0 3 3.0
0 1 0 -1 -1 -1 0 0 0 -1 -1 -1 4 18
1 0 0 0 1 0 1 0 0 0 1 0 2 1.0
0 1 0 -1 -1 -1 0 0 0 -1 -1 -1 2 1
0 0 0 1 1 1 -1 -1 -1 0 1 0 2 4.0
0 0 0 0 1 0 1 0 0 1 0 0 3 4.0
10 N 3 1
0 1 0 0 0 0 1 0 0 0 1 0 2 19.0
0 1 0 0 0 0 1 0 0 0 1 0 3 14.0
0 1 0 0 0 0 1 0 0 0 1 0 4 11.0
0 0 0 1 0 0 0 1 0 1 0 0 5 3.0
0 1 0 -1 -1 -1 1 0 0 1 1 0 5 1
1 1 0 0 1 0 1 0 0 1 0 0 2 7.0
1 1 0 1 1 0 0 1 0 -1 -1 -1 2 16.0
1 1 0 1 1 0 0 1 0 -1 -1 -1 5 18.0
1 1 0 1 1 0 0 1 0 -1 -1 -1 4 32.0
-1 -1 -1 0 1 0 -1 -1 -1 1 0 1 3 2.0
0 1 0 0 0 0 1 1 0 1 1 0 4 1.0
1 0 0 1 0 0 -1 -1 -1 -1 -1 -1 5 2.0
1 1 1 0 0 0 0 1 0 0 1 0 2 2.0
0 0 0 0 0 0 0 0 0 0 0 0 5 32.0
0 1 0 0 1 0 1 0 0 1 1 0 2 49.0
0 1 0 0 1 0 1 0 0 1 1 0 3 25.0
0 1 0 0 1 0 1 0 0 1 1 0 4 46.0
0 1 0 0 1 0 1 0 0 1 1 0 5 17.0
0 1 0 1 0 0 0 0 0 0 1 0 5 25.0
0 0 0 -1 -1 -1 1 0 0 1 0 0 2 8.0
0 0 0 -1 -1 -1 1 0 0 1 0 0 3 1.0
0 1 0 1 1 0 1 1 0 0 1 0 3 7.0
0 1 0 1 1 0 1 1 0 0 1 0 2 1.0
0 1 0 1 1 0 1 1 0 0 1 0 5 16.0
1 1 0 0 1 0 1 1 0 0 1 0 4 37.0
1 1 1 0 0 0 -1 -1 -1 1 0 0 2 1.0
0 0 0 0 0 0 -1 -1 -1 -1 -1 -1 5 22.0
0 0 0 0 0 0 -1 -1 -1 -1 -1 -1 4 25.0
0 0 0 0 0 0 -1 -1 -1 -1 -1 -1 3 21.0
0 0 0 0 0 0 -1 -1 -1 -1 -1 -1 2 161.0
0 1 1 -1 -1 -1 0 0 0 0 0 0 3 2.0
0 1 0 1 1 0 1 1 0 1 0 0 2 10.0
0 0 0 0 0 0 0 0 0 0 1 0 5 93.0
0 1 0 1 0 0 0 1 0 -1 -1 -1 5 23.0
0 1 1 -1 -1 -1 0 0 0 0 0 0 5 1.0
-1 -1 -1 0 1 0 1 0 0 0 0 0 2 10.0
-1 -1 -1 0 1 0 1 0 0 0 0 0 3 1.0
0 1 0 0 0 0 1 0 0 1 0 0 4 13.0
0 0 0 0 0 1 -1 -1 -1 0 1 0 4 2.0
0 0 0 0 1 0 -1 -1 -1 0 0 0 3 248.0
0 1 0 0 0 0 1 0 0 1 1 0 4 26.0
0 0 0 1 0 0 1 1 0 -1 -1 -1 3 4.0
0 0 0 1 0 0 1 1 0 -1 -1 -1 2 1.0
0 0 0 1 0 0 1 1 0 -1 -1 -1 5 1.0
0 0 0 1 0 0 1 1 0 -1 -1 -1 4 4.0
0 1 0 1 0 0 -1 -1 -1 0 1 0 3 17.0
0 1 0 1 0 0 -1 -1 -1 0 1 0 2 26.0
0 1 0 0 0 0 1 1 0 0 0 0 2 16.0
0 1 0 0 0 0 1 1 0 0 0 0 3 17.0
0 1 0 -1 -1 -1 0 0 0 0 0 0 5 54.0
0 1 0 -1 -1 -1 0 0 0 0 0 0 4 13.0
0 1 0 1 0 0 -1 -1 -1 0 1 0 5 8.0
0 1 0 1 0 0 -1 -1 -1 0 1 0 4 6.0
1 0 0 0 0 0 0 1 0 0 1 0 2 322.0
1 0 0 0 0 0 0 1 0 0 1 0 3 526.0
1 0 0 0 0 0 0 1 0 0 1 0 4 654.0
1 0 0 0 0 0 0 1 0 0 1 0 5 303.0
0 0 0 0 0 0 1 0 0 1 1 0 3 42.0
0 0 0 0 0 0 0 1 0 1 0 0 3 22.0
0 1 0 0 0 0 1 1 0 0 0 0 4 6.0
0 1 0 1 1 0 1 1 0 -1 -1 -1 4 5
0 0 0 -1 -1 -1 0 0 1 0 0 1 2 18.0
0 0 0 0 1 0 0 0 0 1 0 0 2 24.0
0 1 0 -1 -1 -1 0 0 1 0 0 1 3 3.0
1 1 0 0 1 0 1 1 0 1 0 0 2 1.0
0 0 0 -1 -1 -1 0 0 1 0 0 1 4 4.0
-1 -1 -1 0 1 0 0 0 0 0 0 0 3 168.0
0 1 0 1 1 0 0 1 0 0 0 0 5 98.0
0 0 0 1 1 0 0 1 0 0 0 0 2 7.0
0 1 0 0 1 0 1 1 0 0 1 0 3 377.0
0 0 0 1 1 0 0 1 0 0 0 0 4 15.0
0 1 0 0 1 0 1 1 0 0 1 0 5 251.0
-1 -1 -1 0 1 0 0 0 0 0 0 0 5 209.0
-1 -1 -1 0 1 0 0 0 0 0 0 0 4 312.0
0 1 0 1 1 0 -1 -1 -1 0 0 0 4 5
0 0 0 0 1 0 1 0 0 1 1 0 2 22.0
1 0 0 0 0 0 0 1 0 0 0 0 3 9.0
-1 -1 -1 0 0 0 0 1 0 0 0 0 3 24.0
-1 -1 -1 0 0 0 0 1 0 0 0 0 2 4.0
0 1 0 0 0 0 -1 -1 -1 1 0 0 2 1.0
1 0 0 -1 -1 -1 0 0 1 0 0 0 3 6.0
0 1 0 0 1 0 1 1 0 0 1 0 2 457.0
-1 -1 -1 0 0 0 0 1 0 0 0 0 5 1.0
0 0 0 1 1 0 -1 -1 -1 0 0 0 5 14.0
0 0 0 0 1 0 1 0 0 -1 -1 -1 2 4.0
0 0 0 0 1 0 1 0 0 -1 -1 -1 3 39.0
0 1 0 0 1 0 0 1 0 0 1 0 3 8782.0
0 1 0 0 1 0 0 1 0 0 1 0 2 4997.0
0 1 0 0 1 0 0 1 0 0 1 0 5 5159.0
0 1 0 0 1 0 0 1 0 0 1 0 4 6869.0
0 0 0 0 1 0 1 0 0 -1 -1 -1 4 2.0
0 0 0 0 1 0 1 0 0 -1 -1 -1 5 6.0
0 0 0 1 1 1 -1 -1 -1 0 1 0 3 7.0
1 0 0 1 1 0 0 1 0 1 0 0 4 1
1 0 0 1 1 0 0 1 0 1 0 0 5 13
-1 -1 -1 0 1 0 0 1 0 1 0 0 3 26.0
-1 -1 -1 0 1 0 0 1 0 1 0 0 2 19.0
0 0 0 1 1 0 1 0 0 1 0 0 3 16.0
0 0 0 1 1 0 1 0 0 1 0 0 2 12.0
0 0 0 1 1 0 1 0 0 1 0 0 5 5.0
0 0 0 1 1 0 1 0 0 1 0 0 4 10.0
-1 -1 -1 0 1 0 0 1 0 1 0 0 5 18.0
-1 -1 -1 0 1 0 0 1 0 1 0 0 4 23.0
0 1 0 1 1 1 0 0 0 0 0 0 3 3.0
0 1 0 1 1 1 0 0 0 0 0 0 2 6.0
1 1 0 0 0 0 0 0 0 0 1 0 4 30.0
0 1 0 1 1 1 0 0 0 0 0 0 4 3.0
0 1 0 -1 -1 -1 1 1 1 0 1 0 3 5.0
0 0 0 0 1 1 -1 -1 -1 0 1 0 3 1.0
0 1 0 0 0 0 0 0 0 1 1 1 3 2.0
0 0 0 0 1 0 0 1 0 0 1 0 3 1494.0
0 0 0 0 1 0 0 1 0 0 1 0 4 2520.0
0 0 0 0 1 0 0 1 0 0 1 0 5 2563.0
0 0 0 -1 -1 -1 0 1 0 0 1 0 3 15.0
0 0 0 0 1 0 -1 -1 -1 0 0 1 3 1
0 1 0 1 0 0 0 0 0 0 1 0 2 12.0
0 0 0 0 0 0 0 0 0 0 0 0 2 261.0
0 1 0 -1 -1 -1 0 0 0 1 0 1 5 1.0
0 0 0 0 0 0 0 0 0 0 0 0 4 31.0
0 1 0 0 1 0 1 1 0 0 1 0 4 749.0
1 1 0 0 1 0 1 1 0 -1 -1 -1 3 13.0
1 1 0 0 1 0 1 1 0 -1 -1 -1 2 38.0
1 1 0 0 1 0 1 1 0 -1 -1 -1 5 55.0
1 1 0 0 1 0 1 1 0 -1 -1 -1 4 22.0
0 1 0 1 0 0 1 1 0 -1 -1 -1 5 2.0
0 0 0 1 0 0 0 1 0 0 0 0 4 28.0
1 0 0 0 1 0 1 1 0 -1 -1 -1 2 21.0
1 0 0 1 0 0 1 0 0 0 0 0 2 3.0
1 0 0 0 1 0 1 1 0 -1 -1 -1 5 3.0
0 1 0 0 1 0 0 0 0 0 1 0 3 608.0
1 1 0 0 0 0 0 0 0 1 0 0 4 2.0
1 1 0 0 0 0 0 0 0 1 0 0 5 1
1 0 1 -1 -1 -1 0 1 0 0 0 0 3 4.0
1 0 1 -1 -1 -1 0 1 0 0 0 0 2 3.0
1 1 0 1 1 0 0 1 0 0 0 0 3 74.0
1 1 0 -1 -1 -1 0 1 0 0 0 0 3 26.0
1 1 0 -1 -1 -1 0 1 0 0 0 0 2 10.0
0 1 0 0 1 1 0 0 0 0 0 0 2 2.0
0 1 0 0 1 1 0 0 0 0 0 0 3 19.0
0 1 0 0 1 1 0 0 0 0 0 0 4 11.0
0 1 0 -1 -1 -1 1 1 0 1 0 0 2 5.0
1 1 0 -1 -1 -1 0 1 0 0 0 0 5 6.0
1 1 0 -1 -1 -1 0 1 0 0 0 0 4 14.0
0 1 0 0 0 0 1 1 0 0 0 0 5 1.0
0 0 0 0 0 0 1 0 0 1 1 0 2 16.0
-1 -1 -1 0 0 0 -1 -1 -1 1 1 0 4 8.0
0 0 0 0 0 0 1 0 0 1 1 0 4 17.0
-1 -1 -1 0 0 0 -1 -1 -1 1 1 0 2 2.0
1 0 0 1 0 0 0 0 0 -1 -1 -1 3 1
0 0 0 0 1 0 -1 -1 -1 1 0 0 5 3
0 1 0 -1 -1 -1 1 1 0 1 0 0 4 6.0
0 0 0 0 1 0 0 0 0 0 0 0 2 42.0
0 0 0 0 1 0 0 0 0 0 0 0 3 125.0
0 0 0 0 1 0 0 0 0 0 0 0 4 59.0
0 0 0 0 1 0 0 0 0 0 0 0 5 57.0
0 1 0 1 1 0 -1 -1 -1 0 1 0 3 24.0
1 1 0 0 0 0 0 0 0 0 0 0 2 39.0
0 1 0 1 0 1 -1 -1 -1 0 1 0 3 17.0
1 0 1 1 0 0 -1 -1 -1 -1 -1 -1 4 1.0
0 1 0 0 0 0 1 0 0 0 0 0 3 7.0
0 1 0 0 0 0 1 0 0 0 0 0 2 10.0
0 1 0 0 1 0 0 0 0 0 1 0 4 3336.0
0 1 0 0 1 0 0 0 0 0 1 0 5 1046.0
0 1 0 0 0 0 -1 -1 -1 0 1 0 4 6.0
0 0 0 1 1 0 0 0 0 1 0 0 2 6.0
1 1 1 0 0 0 -1 -1 -1 1 0 0 3 1.0
0 0 0 0 1 0 1 1 0 0 1 0 3 96.0
1 0 1 1 0 0 -1 -1 -1 -1 -1 -1 3 1.0
0 0 1 -1 -1 -1 1 0 1 0 0 0 3 1.0
0 1 0 0 1 0 -1 -1 -1 -1 -1 -1 4 11.0
0 0 0 0 0 0 -1 -1 -1 0 0 0 2 63.0
0 0 0 0 0 0 -1 -1 -1 0 0 0 3 5.0
0 0 0 -1 -1 -1 0 0 1 0 0 0 4 57.0
0 0 0 0 0 0 -1 -1 -1 0 0 0 4 5.0
0 1 0 1 0 0 1 1 0 0 1 0 5 3.0
0 1 0 -1 -1 -1 1 1 0 0 0 0 3 3.0
0 0 0 0 1 0 1 1 0 0 1 0 2 16.0
0 1 0 1 1 0 0 0 0 -1 -1 -1 5 10.0
0 1 0 1 1 0 0 0 0 -1 -1 -1 4 44.0
0 0 0 1 1 0 0 0 0 1 0 0 3 2.0
0 0 0 0 1 0 0 0 0 -1 -1 -1 4 205.0
0 1 0 -1 -1 -1 0 1 0 1 0 0 3 3.0
0 0 0 0 1 0 1 1 0 -1 -1 -1 5 86.0
0 1 0 0 1 0 0 0 0 -1 -1 -1 2 148.0
0 1 0 0 1 0 0 0 0 -1 -1 -1 3 208.0
0 0 0 0 1 0 1 0 0 1 1 0 3 5.0
1 0 0 0 0 0 0 0 0 -1 -1 -1 2 6.0
0 0 0 0 1 0 1 0 0 1 1 0 5 9.0
1 1 0 1 0 0 0 1 0 0 1 0 5 30.0
0 1 0 0 1 0 0 0 0 -1 -1 -1 4 178.0
0 1 0 0 1 0 0 0 0 -1 -1 -1 5 179.0
0 1 0 0 1 0 0 0 0 1 0 0 2 51.0
0 1 0 0 1 0 0 0 0 1 0 0 3 13.0
1 1 0 0 1 0 -1 -1 -1 -1 -1 -1 5 18.0
0 1 0 0 0 0 0 0 0 -1 -1 -1 4 1.0
1 0 0 0 0 0 0 0 0 -1 -1 -1 4 1.0
0 0 0 0 1 0 -1 -1 -1 1 0 0 3 6
1 1 0 0 1 0 -1 -1 -1 0 0 0 3 4
0 0 0 0 1 0 -1 -1 -1 1 0 0 4 7
0 1 0 1 0 0 1 0 0 0 0 0 3 3.0
0 1 0 1 0 0 1 0 0 0 0 0 4 3.0
1 1 0 1 1 0 0 0 0 0 1 0 5 5.0
0 1 0 1 1 0 0 1 0 0 1 0 2 720.0
0 1 0 1 1 0 0 1 0 0 1 0 3 290.0
0 1 0 1 1 0 0 1 0 0 1 0 4 386.0
0 0 0 0 1 1 0 0 0 0 0 1 3 1.0
0 0 0 0 0 0 0 0 0 0 0 0 3 28.0
0 1 0 1 0 0 0 0 0 0 1 0 4 16.0
0 0 0 1 1 1 -1 -1 -1 0 0 0 2 4
1 1 1 0 1 0 0 1 0 0 1 0 3 1.0
1 1 0 0 0 0 0 1 0 0 0 0 3 47.0
0 0 0 0 0 0 1 0 0 1 1 0 5 9.0
1 1 0 0 1 0 -1 -1 -1 0 0 0 2 2
1 0 0 1 0 0 -1 -1 -1 -1 -1 -1 4 2.0
0 1 0 0 1 0 0 1 0 1 0 1 4 2.0
-1 -1 -1 0 0 0 0 1 0 0 0 0 4 45.0
0 1 0 0 1 0 0 1 0 1 0 1 5 1.0
1 1 0 0 1 0 0 1 0 1 0 0 2 9.0
1 1 0 0 1 0 0 1 0 1 0 0 3 31.0
1 1 0 0 1 0 0 1 0 1 0 0 4 16.0
1 1 0 0 1 0 0 1 0 1 0 0 5 1.0
0 1 0 0 1 0 -1 -1 -1 1 0 0 2 3
0 1 0 0 0 0 0 1 0 -1 -1 -1 2 31.0
0 1 0 0 0 0 0 1 0 -1 -1 -1 3 324.0
1 1 0 1 0 0 0 0 0 0 0 0 2 9.0
1 1 0 1 0 0 0 0 0 0 0 0 3 3.0
1 1 0 1 0 0 0 0 0 0 0 0 4 6.0
0 1 0 0 0 0 0 1 0 -1 -1 -1 4 27.0
0 1 0 0 0 0 0 1 0 -1 -1 -1 5 105.0
0 1 0 1 1 1 -1 -1 -1 0 0 0 2 1
0 1 0 1 1 1 -1 -1 -1 0 0 0 3 3
0 1 0 0 1 0 1 0 0 -1 -1 -1 2 3.0
1 1 0 0 1 0 -1 -1 -1 0 0 0 5 17
0 1 0 1 1 1 -1 -1 -1 0 0 0 4 3.0
0 0 0 0 1 0 0 1 0 1 1 0 3 29.0
0 0 0 0 1 0 0 1 0 1 1 0 2 14.0
0 1 0 1 1 0 0 1 0 1 0 0 4 34.0
0 0 0 0 1 0 0 1 0 1 1 0 4 12.0
0 1 0 0 1 0 1 0 0 -1 -1 -1 4 10.0
1 1 0 1 1 0 1 1 0 -1 -1 -1 2 11.0
1 1 0 1 1 0 1 1 0 -1 -1 -1 3 17.0
1 1 0 1 0 0 0 1 0 0 0 0 2 14.0
0 1 0 -1 -1 -1 1 0 0 0 0 0 2 10.0
1 1 0 1 1 0 1 1 0 -1 -1 -1 4 20.0
1 1 0 1 1 0 1 1 0 -1 -1 -1 5 14.0
0 1 0 0 0 0 0 0 0 1 1 1 2 1.0
1 1 0 0 0 0 0 1 0 0 0 0 5 29.0
0 1 0 0 1 0 -1 -1 -1 1 0 0 4 5.0
1 0 0 1 0 0 0 1 0 0 1 0 5 1.0
1 0 0 1 0 0 0 1 0 0 1 0 4 1.0
0 1 0 -1 -1 -1 0 1 0 0 0 0 5 110.0
0 0 0 0 1 1 0 0 0 0 0 0 3 15.0
0 0 0 0 1 1 0 0 0 0 0 0 2 2.0
0 0 0 0 1 0 -1 -1 -1 0 0 0 2 4.0
0 0 0 0 1 0 -1 -1 -1 1 0 1 2 4
-1 -1 -1 0 1 0 -1 -1 -1 0 0 0 2 1.0
0 0 0 0 1 0 -1 -1 -1 1 1 0 4 1.0
0 0 0 -1 -1 -1 0 0 0 1 0 0 2 2.0
1 1 0 1 1 0 1 1 0 0 0 0 3 3.0
-1 -1 -1 0 1 0 -1 -1 -1 0 0 0 3 32.0
1 1 0 1 0 0 -1 -1 -1 0 1 0 4 9.0
1 0 1 1 0 1 0 0 0 -1 -1 -1 3 3
-1 -1 -1 0 1 0 -1 -1 -1 0 0 0 4 16.0
0 1 0 0 0 0 0 0 0 0 1 1 3 1.0
0 0 0 0 0 0 1 1 0 1 1 0 5 2.0
-1 -1 -1 0 1 0 -1 -1 -1 0 0 0 5 4.0
0 0 0 -1 -1 -1 0 1 1 0 0 0 2 5.0
1 1 0 0 0 0 -1 -1 -1 0 1 0 3 22.0
0 0 0 0 1 0 -1 -1 -1 0 0 0 5 7.0
0 0 0 -1 -1 -1 0 1 1 0 0 0 4 25.0
0 1 0 -1 -1 -1 0 0 1 0 0 0 2 3.0
0 0 0 0 0 0 1 0 0 0 1 0 3 15.0
0 0 0 0 0 0 1 0 0 0 1 0 2 4.0
0 0 0 0 0 0 1 0 0 0 1 0 5 7.0
0 0 0 0 0 0 1 0 0 0 1 0 4 10.0
0 0 0 1 0 0 -1 -1 -1 0 0 0 4 27.0
0 0 0 0 1 0 0 1 0 -1 -1 -1 2 130.0
0 0 0 0 1 0 0 1 0 -1 -1 -1 3 223.0
0 1 0 0 1 0 0 0 0 1 0 1 2 2.0
0 0 0 0 1 0 0 1 0 -1 -1 -1 4 430.0
0 0 0 0 1 0 0 1 0 -1 -1 -1 5 3001.0
0 1 0 1 1 0 0 0 0 0 1 0 2 86.0
1 1 0 0 0 0 0 1 0 0 0 0 2 51.0
0 0 0 0 0 0 0 1 0 1 0 0 2 10.0
1 1 0 0 0 0 0 1 0 0 0 0 4 32.0
0 0 0 0 0 0 0 1 0 1 0 0 4 8.0
1 1 0 1 1 0 0 1 0 0 1 0 4 59.0
0 0 0 0 1 0 -1 -1 -1 0 0 0 4 28.0
0 0 0 0 0 0 1 1 0 0 0 0 3 18.0
0 0 0 1 1 0 0 0 0 1 1 0 2 1.0
0 0 0 0 0 0 1 1 0 0 0 0 5 16.0
0 0 0 0 0 0 1 1 0 0 0 0 4 5.0
0 1 0 -1 -1 -1 0 0 1 0 0 0 3 19.0
1 0 0 1 1 0 0 1 0 0 1 0 2 7.0
1 0 0 1 1 0 0 1 0 0 1 0 3 7.0
1 0 0 1 1 0 0 1 0 0 1 0 4 29.0
1 0 0 1 1 0 0 1 0 0 1 0 5 29.0
0 1 0 -1 -1 -1 1 0 0 0 0 0 3 8.0
0 1 0 1 0 1 -1 -1 -1 0 1 0 5 2.0
0 0 0 0 1 1 -1 -1 -1 0 0 0 3 1
0 0 0 1 1 0 0 1 0 1 0 0 3 12.0
0 0 0 1 1 0 0 1 0 1 0 0 2 30.0
0 0 0 1 1 0 0 1 0 1 0 0 5 6.0
0 0 0 1 1 0 0 1 0 1 0 0 4 15.0
-1 -1 -1 1 1 0 0 1 0 0 1 0 2 4.0
-1 -1 -1 1 1 0 0 1 0 0 1 0 3 4.0
0 0 0 0 1 0 1 0 0 0 0 0 3 2.0
0 0 0 0 1 0 1 0 0 0 0 0 4 8.0
-1 -1 -1 1 1 0 0 1 0 0 1 0 4 2.0
0 0 0 0 0 0 1 1 0 1 1 0 2 6.0
1 0 0 1 0 0 1 1 0 -1 -1 -1 2 1.0
1 0 0 1 0 0 1 1 0 -1 -1 -1 3 11.0
1 1 0 1 1 0 1 1 0 0 0 0 5 3.0
0 1 0 1 1 0 1 1 0 -1 -1 -1 5 3.0
0 1 0 0 1 0 0 0 0 0 1 0 2 1276.0
0 1 0 0 0 0 1 0 0 1 0 0 5 15.0
0 0 0 0 1 0 1 1 0 -1 -1 -1 3 4.0
-1 -1 -1 0 1 0 1 0 0 1 0 0 2 7.0
0 0 0 0 1 0 0 0 0 -1 -1 -1 3 8.0
0 0 0 0 1 0 0 0 0 -1 -1 -1 2 61.0
0 0 0 0 1 0 0 0 0 -1 -1 -1 5 100.0
0 0 0 0 1 0 0 0 0 0 1 1 5 1.0
-1 -1 -1 0 1 0 1 0 0 1 0 0 4 4.0
0 0 0 0 1 0 0 1 0 1 1 0 5 102.0
0 1 0 0 0 0 1 0 0 0 0 0 5 7.0
0 1 0 -1 -1 -1 0 1 0 -1 -1 -1 2 16.0
0 1 0 1 0 0 0 0 0 1 0 0 2 2.0
0 1 0 1 1 0 0 1 0 1 0 0 2 65.0
0 1 0 0 0 0 1 0 0 0 0 0 4 22.0
0 0 0 -1 -1 -1 0 1 0 0 0 0 3 27.0
0 0 0 -1 -1 -1 0 1 0 0 0 0 2 176.0
0 0 1 0 0 0 -1 -1 -1 0 0 0 4 1.0
0 0 0 -1 -1 -1 0 1 0 0 0 0 5 286.0
0 0 0 -1 -1 -1 0 1 0 0 0 0 4 174.0
0 0 0 1 0 0 0 1 0 -1 -1 -1 2 14.0
0 0 0 1 0 0 0 1 0 -1 -1 -1 3 10.0
0 1 0 -1 -1 -1 1 0 1 0 0 0 3 7.0
0 1 0 -1 -1 -1 1 0 1 0 0 0 2 8.0
0 1 0 -1 -1 -1 1 0 1 0 0 0 4 5.0
0 0 0 1 0 0 0 1 0 -1 -1 -1 4 43.0
0 1 0 0 0 0 0 0 0 1 1 1 5 1.0
0 0 0 1 0 0 0 0 0 0 1 0 3 1.0
1 1 0 0 1 0 0 0 0 0 1 0 2 117.0
1 0 0 1 0 0 0 1 0 1 1 0 4 3.0
0 1 0 1 1 1 -1 -1 -1 0 1 0 4 1.0
1 1 0 0 0 0 1 0 0 0 0 0 4 2.0
0 1 0 1 1 1 0 1 0 0 1 0 3 2.0
0 1 0 1 1 0 0 1 0 1 0 0 3 2.0
0 1 0 0 0 0 -1 -1 -1 -1 -1 -1 4 8.0
0 1 0 0 1 0 -1 -1 -1 0 0 0 2 116.0
0 1 0 0 1 0 -1 -1 -1 0 0 0 3 38.0
0 1 0 1 1 0 1 1 0 0 0 0 2 5.0
0 1 0 -1 -1 -1 0 1 0 0 0 0 3 29.0
0 1 0 -1 -1 -1 0 1 0 0 0 0 4 103.0
1 1 0 1 0 0 0 1 0 0 0 0 4 16.0
0 1 0 0 1 0 -1 -1 -1 0 0 0 4 91.0
0 1 0 0 1 0 -1 -1 -1 0 0 0 5 49.0
1 0 1 1 0 1 0 0 0 -1 -1 -1 2 1
0 0 0 1 1 0 0 1 0 0 1 0 5 21.0
0 1 0 0 0 0 0 1 0 1 0 0 2 5.0
1 0 1 0 0 1 0 0 0 -1 -1 -1 2 1
0 0 0 1 1 0 0 1 0 0 1 0 4 165.0
1 0 0 0 0 0 -1 -1 -1 0 0 0 2 1.0
1 0 0 0 0 0 -1 -1 -1 0 0 0 4 29.0
1 0 0 0 1 0 0 1 0 -1 -1 -1 2 8.0
0 1 0 0 0 0 0 1 0 1 0 0 4 26.0
1 0 0 0 1 0 1 1 0 1 1 0 3 7.0
1 0 0 0 1 0 1 1 0 1 1 0 2 7.0
0 0 0 0 1 0 0 0 0 1 1 1 3 1.0
1 1 0 0 1 0 1 1 0 0 0 0 2 26.0
0 1 0 0 0 0 0 1 0 1 0 0 5 4
0 0 0 0 1 0 0 0 0 1 1 1 2 1.0
0 0 0 0 1 0 0 0 0 1 1 1 5 1.0
0 0 0 1 1 1 0 0 0 1 0 1 3 2.0
1 0 0 0 0 0 0 0 0 0 1 0 4 35.0
0 1 0 0 1 0 0 1 0 -1 -1 -1 3 323.0
0 1 0 0 1 0 0 1 0 -1 -1 -1 2 240.0
1 1 0 1 0 0 0 1 0 0 0 0 3 8.0
0 1 0 1 0 0 0 0 0 0 1 0 3 11.0
0 1 0 1 1 0 -1 -1 -1 0 0 0 2 4.0
0 0 0 -1 -1 -1 1 0 0 0 0 0 2 32.0
0 0 0 1 0 0 -1 -1 -1 0 1 0 2 4.0
0 0 0 1 0 0 -1 -1 -1 0 1 0 3 19.0
1 1 0 0 1 0 1 1 0 0 0 0 3 35.0
0 0 0 1 0 0 -1 -1 -1 0 1 0 5 24.0
0 0 0 -1 -1 -1 1 0 0 0 0 0 5 2.0
0 0 0 -1 -1 -1 1 0 0 0 0 0 4 4.0
1 1 0 0 1 0 0 1 0 1 1 0 3 26.0
1 1 0 0 1 0 0 1 0 1 1 0 2 23.0
1 1 0 0 1 0 0 1 0 1 1 0 5 44.0
1 1 0 0 1 0 0 1 0 1 1 0 4 32.0
-1 -1 -1 0 1 0 -1 -1 -1 1 0 0 3 4.0
1 1 0 0 1 0 1 0 0 0 1 0 2 195.0
0 0 0 -1 -1 -1 1 0 1 0 0 1 3 1.0
0 0 0 0 0 0 0 1 0 0 1 0 3 228.0
0 1 0 0 1 0 0 1 0 1 1 0 3 765.0
0 0 0 0 0 0 0 1 0 0 1 0 5 285.0
0 0 0 0 0 0 0 1 0 0 1 0 4 386.0
0 1 0 0 1 0 1 1 0 0 0 0 2 46.0
1 0 0 1 1 0 0 0 0 0 1 0 5 3.0
0 1 0 1 1 0 0 0 0 0 0 0 2 38.0
0 1 0 1 1 0 0 0 0 0 0 0 3 37.0
0 1 0 1 1 0 0 0 0 0 0 0 4 36.0
0 1 0 1 1 0 0 0 0 0 0 0 5 21.0
0 1 0 0 1 1 -1 -1 -1 0 0 0 4 5.0
1 1 0 0 0 0 0 1 0 1 1 0 3 1.0
0 1 0 -1 -1 -1 0 0 0 0 0 1 5 1.0
0 1 0 0 1 0 0 1 0 1 0 0 3 87.0
1 1 0 0 1 0 0 1 0 -1 -1 -1 2 35.0
0 0 0 0 0 0 1 0 0 0 0 0 4 4.0
0 1 0 0 1 0 1 1 1 0 0 0 2 12.0
0 1 0 0 1 0 1 1 1 0 0 0 3 12.0
1 0 0 0 0 0 -1 -1 -1 1 0 0 4 1.0
1 1 0 0 1 0 0 1 0 -1 -1 -1 4 28.0
1 1 0 0 1 0 0 1 0 -1 -1 -1 5 244.0
0 1 0 -1 -1 -1 0 1 0 1 0 1 4 2.0
0 1 0 -1 -1 -1 1 0 0 1 1 0 3 13
0 1 0 0 1 0 1 1 0 1 0 0 2 82.0
0 1 0 0 1 0 1 1 0 1 0 0 3 25.0
0 1 0 0 1 0 1 1 0 1 0 0 4 24.0
0 1 0 0 1 0 1 1 0 1 0 0 5 42.0
0 1 0 0 1 0 1 1 0 0 0 0 5 21.0
1 0 0 0 1 0 -1 -1 -1 0 0 0 2 32.0
0 1 0 0 1 0 0 1 0 -1 -1 -1 5 6142.0
0 0 0 0 0 0 -1 -1 -1 0 0 0 5 5.0
0 1 0 1 0 0 0 1 0 1 0 0 3 58.0
0 0 0 0 1 0 0 0 0 1 0 0 3 13.0
0 1 0 0 1 0 0 1 0 -1 -1 -1 4 289.0
0 1 0 1 1 0 0 0 0 1 0 0 2 1.0
0 0 0 1 1 1 0 1 0 1 0 1 3 1.0
0 1 0 1 1 1 0 0 0 0 1 0 3 9.0
0 1 0 1 1 1 0 0 0 0 1 0 5 6.0
1 1 0 1 0 0 -1 -1 -1 0 1 0 3 1.0
0 1 0 -1 -1 -1 1 0 0 0 0 0 4 23.0
1 0 0 0 1 0 0 1 0 1 1 0 2 14.0
0 1 0 0 1 0 0 1 0 0 0 0 3 1027.0
1 0 0 0 1 0 0 1 0 1 1 0 4 14.0
0 1 0 0 1 0 0 1 0 0 0 0 5 379.0
0 1 0 -1 -1 -1 0 1 0 1 0 1 5 3.0
0 1 0 -1 -1 -1 1 0 0 0 0 0 5 8.0
0 0 0 0 1 0 0 0 0 1 0 0 5 2.0
0 0 0 -1 -1 -1 1 0 0 0 0 0 3 9.0
-1 -1 -1 0 0 0 -1 -1 -1 1 0 0 4 3.0
-1 -1 -1 0 0 0 -1 -1 -1 1 0 0 5 2.0
0 1 0 0 1 0 1 1 0 0 0 0 4 20.0
0 1 0 -1 -1 -1 0 0 0 1 0 0 5 2.0
0 0 0 0 1 0 1 1 0 0 1 0 5 22.0
1 0 0 0 0 0 1 1 0 -1 -1 -1 3 13.0
1 0 0 0 0 0 1 1 0 -1 -1 -1 2 27.0
1 0 0 0 0 0 1 1 0 -1 -1 -1 5 1.0
1 0 0 0 0 0 1 1 0 -1 -1 -1 4 3.0
1 0 0 0 1 0 1 1 0 1 1 0 4 4.0
0 0 0 0 1 0 1 1 0 0 1 0 4 45.0
-1 -1 -1 0 1 0 0 1 0 0 0 0 2 123.0
-1 -1 -1 0 1 0 0 1 0 0 0 0 3 70.0
1 0 0 0 0 0 -1 -1 -1 -1 -1 -1 5 1
1 0 0 0 0 0 -1 -1 -1 -1 -1 -1 2 3.0
1 0 0 0 0 0 -1 -1 -1 -1 -1 -1 3 5
-1 -1 -1 0 1 0 0 1 0 0 0 0 4 163.0
-1 -1 -1 0 1 0 0 1 0 0 0 0 5 51.0
0 0 0 1 1 1 0 0 0 1 0 1 4 1.0
0 0 0 1 0 0 -1 -1 -1 0 1 0 4 12.0
1 1 0 0 0 0 1 1 0 0 1 0 2 5.0
1 1 0 0 0 0 1 1 0 0 1 0 3 1.0
1 1 0 0 0 0 1 1 0 0 1 0 4 12.0
1 1 0 0 0 0 1 1 0 0 1 0 5 22.0
0 1 0 0 1 1 -1 -1 -1 0 0 0 3 7.0
1 0 0 0 1 0 1 1 0 0 1 0 2 3.0
1 0 0 0 1 0 1 1 0 0 1 0 3 39.0
1 0 0 0 1 0 1 1 0 0 1 0 4 40.0
1 0 0 0 1 0 1 1 0 0 1 0 5 29.0
0 0 0 0 0 0 0 0 0 1 0 0 4 1.0
-1 -1 -1 0 0 0 -1 -1 -1 0 1 0 4 7.0
-1 -1 -1 0 0 0 -1 -1 -1 0 1 0 5 22.0
-1 -1 -1 0 0 0 -1 -1 -1 0 1 0 2 139.0
-1 -1 -1 0 0 0 -1 -1 -1 0 1 0 3 11.0
0 0 0 0 0 0 0 0 0 1 0 0 3 23.0
0 1 0 0 1 0 0 1 0 1 0 0 4 62.0
0 1 0 0 1 0 -1 -1 -1 0 0 1 2 5.0
0 0 0 1 1 1 0 0 0 1 0 1 5 1.0
0 0 0 1 0 0 1 0 0 1 1 0 2 9.0
0 0 0 0 0 0 -1 -1 -1 1 1 0 2 2.0
0 0 0 0 0 0 -1 -1 -1 1 1 0 3 5.0
0 0 0 0 1 0 1 1 0 0 0 0 2 26.0
0 0 0 0 1 0 1 1 0 0 0 0 3 37.0
0 0 0 0 1 0 1 1 0 0 0 0 4 19.0
0 0 0 0 1 0 1 1 0 0 0 0 5 18.0
0 0 0 0 0 0 -1 -1 -1 1 1 0 5 4.0
0 1 0 1 0 0 0 1 0 1 1 0 2 3.0
0 1 0 1 0 0 0 1 0 1 1 0 3 24.0
0 1 0 1 0 0 0 1 0 1 1 0 4 2.0
0 1 0 1 0 0 0 1 0 1 1 0 5 16.0
0 0 0 0 0 0 1 1 0 -1 -1 -1 2 6.0
0 0 0 0 0 0 1 1 0 -1 -1 -1 3 10.0
0 1 0 -1 -1 -1 1 0 0 0 1 0 2 3
1 0 0 1 1 0 1 1 0 -1 -1 -1 4 8
0 0 0 0 0 0 1 1 0 -1 -1 -1 4 1.0
0 0 0 0 0 0 1 1 0 -1 -1 -1 5 9.0
0 0 0 1 0 0 1 0 0 1 1 0 3 10.0
1 1 0 1 1 0 0 1 0 1 0 0 2 16.0
1 1 0 1 1 0 0 1 0 1 0 0 5 17.0
0 0 0 1 0 0 1 0 0 1 1 0 4 5.0
1 0 0 0 0 0 0 1 0 0 0 0 5 12.0
0 1 0 0 0 0 -1 -1 -1 0 0 0 4 31.0
1 1 0 1 0 0 0 1 0 0 1 0 3 2.0
1 1 0 1 0 0 0 1 0 0 1 0 4 30.0
0 1 0 0 1 1 0 1 0 0 0 1 2 2.0
0 0 0 0 1 0 1 1 0 1 1 0 3 16.0
0 0 0 0 1 0 1 1 0 1 1 0 4 25.0
1 0 0 0 1 0 1 0 0 0 0 0 5 4.0
0 1 0 0 1 1 -1 -1 -1 0 0 0 2 19.0
0 0 0 0 1 0 1 0 0 1 1 0 4 10.0
0 1 0 1 1 0 0 1 0 0 0 0 2 120.0
0 1 0 -1 -1 -1 1 0 0 1 1 0 4 14
0 1 0 -1 -1 -1 1 1 0 0 0 0 2 14.0
0 0 0 0 1 0 1 1 0 1 1 0 2 14.0
1 0 0 0 0 0 0 1 0 0 0 0 4 51.0
1 1 0 0 0 0 -1 -1 -1 -1 -1 -1 4 1
0 0 0 0 1 0 1 1 0 -1 -1 -1 2 38.0
1 1 0 -1 -1 -1 1 1 0 0 0 0 2 10.0
1 1 0 1 1 0 1 1 0 0 1 0 4 3.0
0 1 0 0 0 0 0 0 0 -1 -1 -1 3 8.0
0 1 0 0 1 0 0 0 0 1 1 1 2 3.0
0 1 0 0 1 0 0 0 0 1 1 1 3 2.0
0 1 0 0 1 0 0 0 0 1 1 1 4 6.0
0 1 0 0 1 0 0 0 0 1 1 1 5 10.0
1 1 0 -1 -1 -1 0 0 0 0 0 0 4 7.0
1 1 0 -1 -1 -1 0 0 0 0 0 0 5 1.0
0 1 0 0 1 0 0 0 0 1 0 0 4 4.0
0 1 0 0 0 0 0 0 0 -1 -1 -1 2 1.0
0 1 0 0 1 0 0 1 0 1 1 0 2 554.0
0 1 0 0 1 0 0 0 0 1 0 0 5 24.0
0 0 0 -1 -1 -1 0 1 0 0 1 0 2 26.0
0 1 0 0 0 0 1 1 0 -1 -1 -1 3 19.0
0 0 0 0 0 0 0 1 0 0 1 0 2 156.0
1 0 1 0 1 0 0 1 0 0 1 0 4 1.0
1 0 0 1 0 0 0 0 0 0 0 0 4 2.0
0 0 0 -1 -1 -1 0 1 0 0 1 0 4 40.0
0 0 0 -1 -1 -1 0 1 0 0 1 0 5 59
0 1 0 0 1 0 0 1 0 1 1 0 4 1326.0
1 1 1 -1 -1 -1 0 0 0 0 0 0 3 1.0
1 1 1 -1 -1 -1 0 0 0 0 0 0 2 9.0
1 1 1 -1 -1 -1 0 0 0 0 0 0 5 1.0
1 1 1 -1 -1 -1 0 0 0 0 0 0 4 7.0
1 1 0 0 1 0 1 0 0 0 1 0 3 79.0
0 1 0 0 1 0 0 1 0 1 1 0 5 215.0
0 1 0 -1 -1 -1 0 1 0 1 0 1 2 3.0
1 0 0 -1 -1 -1 0 0 0 -1 -1 -1 4 6
0 1 0 -1 -1 -1 0 0 0 -1 -1 -1 5 1
1 0 0 -1 -1 -1 0 0 0 -1 -1 -1 2 11.0
0 1 0 -1 -1 -1 1 1 0 0 0 0 4 25.0
0 0 0 1 1 1 0 0 0 0 0 0 3 12.0
0 0 0 0 1 0 1 1 0 -1 -1 -1 4 16.0
0 1 0 -1 -1 -1 0 0 0 -1 -1 -1 3 18.0
0 0 1 1 0 0 -1 -1 -1 -1 -1 -1 5 1.0
0 1 0 1 0 0 0 1 0 1 0 0 4 28.0
0 0 0 -1 -1 -1 0 0 0 0 1 0 2 20.0
0 0 0 0 1 0 -1 -1 -1 1 1 0 3 1.0
0 0 0 0 1 0 -1 -1 -1 1 1 0 2 5.0
0 0 0 0 1 0 -1 -1 -1 1 1 0 5 5.0
0 1 0 1 0 0 0 1 0 -1 -1 -1 3 23.0
0 1 0 0 1 0 0 0 0 1 0 1 3 2.0
1 1 0 0 0 0 1 1 0 0 0 0 2 1.0
1 0 0 1 0 0 -1 -1 -1 -1 -1 -1 3 1.0
0 0 0 0 1 0 1 1 0 1 1 0 5 21.0
0 1 0 -1 -1 -1 0 1 0 -1 -1 -1 4 4.0
0 1 0 0 0 0 1 0 0 1 0 0 2 33.0
0 1 0 0 0 0 1 0 0 1 0 0 3 15.0
0 1 0 1 1 0 1 1 0 1 1 0 4 19.0
0 0 0 1 0 0 0 1 0 1 0 0 2 7.0
1 1 0 0 0 0 1 1 0 0 0 0 4 3.0
1 1 0 0 1 0 0 0 0 0 1 0 3 73.0
0 0 0 1 0 0 0 1 0 1 0 0 3 3.0
1 1 0 0 1 0 0 0 0 0 1 0 5 138.0
1 1 0 0 1 0 0 0 0 0 1 0 4 168.0
0 0 0 0 0 0 0 1 0 1 0 0 5 10.0
-1 -1 -1 0 0 0 1 0 0 0 0 0 3 16.0
0 0 0 1 0 0 0 1 0 1 0 0 4 5.0
1 1 0 0 1 0 1 0 0 0 1 0 5 78.0
0 0 0 -1 -1 -1 0 0 0 0 1 0 4 56.0
0 1 0 1 1 0 0 0 0 -1 -1 -1 2 37.0
0 1 0 0 0 0 1 0 0 0 1 0 5 9.0
0 1 0 0 1 0 1 1 0 1 1 0 3 70.0
0 1 0 0 1 0 1 1 0 1 1 0 2 113.0
0 1 0 0 1 0 1 1 0 1 1 0 5 78.0
0 1 0 0 1 0 1 1 0 1 1 0 4 342.0
1 0 0 -1 -1 -1 0 1 0 0 0 0 2 1.0
0 0 0 -1 -1 -1 1 0 1 1 0 1 2 4.0
0 0 0 -1 -1 -1 1 0 1 1 0 1 3 2.0
1 0 0 0 1 0 0 0 0 0 1 0 2 496.0
1 1 0 0 1 0 0 1 0 0 0 0 2 98.0
1 1 0 0 1 0 0 1 0 0 0 0 5 75.0
1 1 0 1 1 0 0 0 0 1 0 0 2 22.0
0 0 0 -1 -1 -1 1 0 1 1 0 1 4 3.0
0 0 0 0 0 0 1 1 0 0 1 0 2 11.0
1 1 0 1 1 0 0 0 0 1 0 0 3 13.0
0 0 0 0 0 0 1 1 0 0 1 0 4 55.0
0 1 0 0 0 0 -1 -1 -1 0 0 0 3 81.0
0 1 0 0 0 0 -1 -1 -1 0 0 0 2 35.0
0 1 0 0 0 0 -1 -1 -1 0 0 0 5 108.0
1 1 0 1 1 0 0 1 0 -1 -1 -1 3 12.0
0 1 0 0 0 0 0 1 0 1 0 0 3 2.0
1 1 0 1 1 0 0 0 0 1 0 0 5 9.0
1 1 0 1 1 0 1 1 0 0 1 0 2 26.0
1 1 0 1 1 0 1 1 0 0 1 0 3 16.0
1 0 0 -1 -1 -1 0 1 0 0 0 0 3 22.0
1 1 0 1 1 0 1 1 0 0 1 0 5 14.0
1 0 0 0 1 0 0 0 0 0 1 0 3 321.0
0 0 0 0 0 0 0 0 0 0 1 0 4 49.0
1 0 0 0 1 0 -1 -1 -1 -1 -1 -1 5 2.0
1 0 0 0 1 0 0 0 0 0 0 0 4 283.0
0 1 0 1 0 0 0 1 0 0 0 0 2 20.0
1 1 0 0 1 0 1 0 0 1 0 0 5 9.0
0 1 0 1 1 1 -1 -1 -1 0 1 0 3 8.0
0 1 0 1 1 1 -1 -1 -1 0 1 0 2 3.0
0 1 0 -1 -1 -1 0 1 0 0 1 0 3 14.0
0 1 0 -1 -1 -1 0 1 0 0 1 0 2 31.0
0 1 0 -1 -1 -1 0 1 0 0 1 0 5 15.0
0 1 0 -1 -1 -1 0 1 0 0 1 0 4 20.0
0 1 0 1 1 1 -1 -1 -1 0 1 0 5 12.0
1 1 0 0 1 0 0 1 0 -1 -1 -1 3 38.0
1 1 0 0 0 0 -1 -1 -1 -1 -1 -1 3 107.0
0 0 0 -1 -1 -1 0 1 0 -1 -1 -1 2 43.0
0 0 0 0 0 0 0 0 0 0 1 0 3 56.0
0 0 0 -1 -1 -1 0 1 0 -1 -1 -1 4 83.0
0 0 0 -1 -1 -1 0 1 0 -1 -1 -1 5 45.0
1 0 0 1 1 0 1 1 0 0 1 0 3 5.0
0 1 0 1 1 0 0 1 0 0 1 0 5 180.0
