1 1 0 0 0 1 0 0 2 23
1 1 0 0 0 1 0 0 3 24
0 1 0 1 0 1 1 0 3 4
0 1 0 1 0 1 1 0 2 21
0 1 0 1 0 1 1 0 5 18
0 0 0 1 0 1 1 0 2 3
0 0 0 1 0 1 1 0 3 3
0 0 0 1 0 1 1 0 4 22
0 1 0 1 1 0 1 0 4 11
10 N 3 2
10 N 2 12
0 0 0 0 0 0 0 1 2 285
0 0 0 0 1 1 0 0 2 1
0 0 0 0 0 0 0 1 4 30
0 0 0 0 0 0 0 1 5 166
10 N 5 1
10 N 4 1
1 1 0 0 0 1 1 0 2 7
0 1 0 1 0 1 0 0 3 91
0 1 0 0 0 1 0 1 2 118
0 1 0 0 0 1 0 1 3 640
0 1 0 0 0 1 0 1 4 17
0 1 0 0 0 1 0 1 5 209
0 0 0 0 0 1 0 1 3 177
0 0 0 0 0 1 0 1 2 35
1 1 0 1 0 0 0 0 4 4
0 0 0 0 0 1 0 1 4 12
0 0 0 0 0 0 1 1 3 5
1 0 0 1 1 1 0 1 3 13
1 0 0 1 1 1 0 1 4 2
1 0 0 1 1 1 0 1 5 11
0 0 1 0 0 1 0 0 2 6
0 1 0 0 0 0 0 0 2 35
0 1 0 0 0 0 0 0 3 64
0 0 0 1 1 1 0 1 5 1
0 1 0 0 0 0 0 0 5 44
1 1 1 0 0 1 0 0 3 16
1 1 1 0 0 1 0 0 2 10
1 1 1 0 0 1 0 0 5 33
1 1 1 0 0 1 0 0 4 8
1 0 0 1 1 0 0 1 3 8
1 0 0 1 1 0 0 1 2 28
1 0 0 1 1 0 0 1 5 8
1 0 0 1 1 0 0 1 4 20
0 0 1 0 0 0 -1 -1 4 5
0 0 1 0 0 1 0 0 4 13
1 1 0 1 1 0 0 1 2 94
1 1 0 1 1 0 0 1 3 16
0 0 1 0 0 1 0 0 5 1
1 1 0 1 1 0 0 1 5 19
0 0 1 0 0 1 -1 -1 3 12
0 0 1 0 0 1 -1 -1 2 14
0 0 1 0 0 1 -1 -1 5 13
0 0 1 0 0 1 -1 -1 4 21
0 1 1 1 0 1 1 1 3 37
0 1 1 1 0 1 1 1 2 36
0 1 1 1 0 1 1 1 5 7
0 1 1 1 0 1 1 1 4 22
1 0 1 1 0 1 0 1 2 9
1 0 1 1 0 1 0 1 3 2
1 1 1 1 0 0 0 0 2 12
0 0 1 1 0 0 -1 -1 3 9
0 0 1 1 0 0 -1 -1 2 22
0 0 0 1 1 1 1 1 2 9
0 0 0 1 1 1 1 1 4 3
0 0 1 1 0 0 -1 -1 5 3
0 0 1 1 0 0 -1 -1 4 48
1 0 1 1 0 0 0 1 3 2
1 0 1 1 0 0 0 1 5 12
1 0 1 1 0 0 0 1 4 8
0 1 0 1 1 1 0 0 3 24
0 1 0 1 1 1 0 0 2 16
0 1 0 1 1 1 0 0 5 22
0 1 0 1 1 1 0 0 4 13
0 0 0 1 1 0 0 1 2 3
1 1 0 0 0 1 0 0 5 34
0 0 0 1 0 0 0 1 3 90
0 0 0 1 0 0 0 1 2 101
0 0 0 1 0 0 0 1 5 146
0 0 0 1 0 0 0 1 4 122
0 0 1 0 0 0 1 1 2 1
0 0 0 1 0 1 0 1 2 861
0 0 0 1 0 1 0 1 3 445
0 0 0 1 0 1 0 1 4 270
0 0 0 1 0 1 0 1 5 365
0 0 -1 -1 0 1 0 0 3 2
0 0 -1 -1 0 1 0 0 5 31
0 0 1 1 0 0 0 1 2 12
0 1 1 0 0 0 1 1 2 3
0 0 1 1 0 0 0 1 4 5
0 0 1 1 0 0 0 1 5 2
0 0 0 0 -1 -1 0 1 2 11
0 0 0 0 -1 -1 0 1 3 36
0 0 0 0 -1 -1 0 1 4 50
0 0 0 0 -1 -1 0 1 5 8
0 1 1 0 0 1 0 0 2 5
0 1 1 0 0 1 0 0 3 20
0 1 1 0 0 1 0 0 4 7
0 1 1 0 0 1 0 0 5 28
0 1 0 0 1 0 1 0 2 3
0 0 1 0 0 0 0 1 2 6
0 1 0 0 1 0 1 0 4 3
0 1 0 0 0 0 1 0 4 12
0 1 1 0 0 1 0 1 4 8
0 1 0 0 1 1 0 0 2 2
0 1 0 0 1 1 0 0 3 40
0 1 0 0 1 1 0 0 4 8
1 0 0 0 0 1 0 0 3 22
1 0 0 0 0 1 0 0 2 26
1 0 0 0 0 1 0 0 5 15
1 0 0 0 0 1 0 0 4 23
1 0 0 0 0 1 1 0 2 3
0 0 0 1 0 0 -1 -1 2 28
0 0 0 1 0 0 -1 -1 3 47
0 0 0 1 0 0 -1 -1 4 6
0 0 0 1 0 0 -1 -1 5 23
1 1 0 1 0 1 0 0 3 10
1 1 0 0 0 1 0 1 2 11
1 1 0 1 0 1 0 0 5 5
1 1 0 1 0 1 0 0 4 4
0 0 1 1 0 0 0 0 2 2
1 0 0 0 0 1 1 0 4 15
1 0 0 1 0 0 1 0 3 17
1 0 1 1 0 0 0 0 2 1
0 1 1 1 0 0 1 0 2 2
1 0 1 1 0 0 0 0 5 3
1 0 0 1 1 1 -1 -1 3 37
1 0 0 1 1 1 -1 -1 2 8
1 0 0 1 1 1 -1 -1 5 13
1 0 0 1 1 1 -1 -1 4 2
1 1 0 1 0 1 0 0 2 5
0 0 0 0 0 1 -1 -1 4 41
0 1 0 1 0 1 0 0 2 361
0 0 0 0 -1 -1 0 0 4 9
0 1 0 1 0 1 0 0 4 35
0 1 0 1 0 1 0 0 5 264
0 0 0 1 0 1 1 1 3 9
0 0 0 1 0 1 1 1 2 15
0 0 0 1 0 1 1 1 5 5
0 0 0 1 0 1 1 1 4 8
1 1 1 1 0 1 0 1 4 9
1 0 0 1 0 1 1 1 2 5
1 0 0 1 0 1 1 1 5 4
0 1 1 1 0 0 0 0 2 2
0 1 1 1 0 0 0 0 3 21
0 1 1 1 0 0 0 0 4 20
0 1 1 1 0 0 0 0 5 15
1 1 1 1 0 0 0 1 3 2
1 1 1 1 0 0 0 1 5 6
0 1 0 1 0 0 -1 -1 3 30
0 1 0 1 0 0 -1 -1 2 37
0 0 0 0 0 0 0 0 3 1
0 0 0 0 0 0 0 0 2 1
0 1 0 1 0 0 -1 -1 5 26
0 1 0 1 0 0 -1 -1 4 42
1 1 0 0 0 0 0 1 2 16
1 1 0 0 0 0 0 1 3 45
1 1 0 0 0 0 0 1 5 6
0 0 1 1 0 1 0 1 2 18
0 0 1 0 -1 -1 0 1 3 4
0 0 1 0 -1 -1 0 1 2 12
0 1 0 0 0 1 0 0 3 26
0 1 0 0 0 1 0 0 2 44
0 1 0 0 0 1 0 0 5 302
0 1 0 0 0 1 0 0 4 454
0 0 1 0 -1 -1 0 1 4 1
1 1 0 1 0 0 0 1 3 77
1 0 0 1 0 1 0 1 2 1360
1 1 0 1 0 0 0 1 5 50
1 1 0 1 0 0 0 1 4 15
1 0 0 1 1 1 0 0 3 1
1 0 0 1 1 1 0 0 2 18
1 0 0 1 1 1 0 0 5 4
1 0 0 1 1 1 0 0 4 23
0 0 1 0 0 1 1 0 4 2
0 1 0 0 0 0 0 1 3 193
0 1 0 0 0 0 0 1 2 205
0 1 0 0 0 0 0 1 5 708
0 1 0 0 0 0 0 1 4 6
1 0 1 0 0 0 0 1 3 3
0 0 0 1 0 1 -1 -1 3 75
0 0 0 1 0 1 -1 -1 2 16
0 0 0 1 0 1 -1 -1 5 630
0 0 0 1 0 1 -1 -1 4 216
1 1 0 1 0 0 0 0 2 8
0 1 0 0 -1 -1 0 0 2 1
0 1 0 0 -1 -1 0 0 3 10
1 1 0 1 1 0 0 0 3 6
1 1 0 1 1 0 0 0 2 21
1 1 0 1 1 0 0 0 5 6
0 1 0 0 -1 -1 0 0 5 3
1 0 0 1 0 1 0 1 3 1736
1 1 0 1 0 0 0 1 2 28
1 1 0 1 0 0 0 0 3 65
1 0 0 1 0 1 0 1 5 1082
0 1 0 1 1 1 1 0 2 2
0 1 0 1 1 1 1 0 3 11
0 1 0 1 1 1 1 0 4 4
1 0 0 1 0 1 0 1 4 377
1 0 1 1 0 1 0 0 3 3
1 0 1 1 0 1 0 0 2 6
1 0 1 1 0 1 0 0 4 2
0 0 1 0 1 1 0 0 2 12
0 0 1 0 1 1 0 0 3 22
0 0 1 0 1 1 0 0 4 12
0 0 1 0 1 1 0 0 5 6
0 1 0 1 1 0 0 0 2 40
0 1 0 1 1 0 0 0 3 22
0 0 0 1 1 1 1 0 5 1
0 1 0 1 1 0 0 0 5 16
1 0 0 1 0 0 1 0 2 7
0 0 0 0 0 0 0 1 3 167
1 0 0 1 0 0 1 0 4 1
0 1 1 1 0 1 0 1 2 34
1 0 0 1 0 0 1 0 5 18
0 1 1 1 0 1 0 1 3 46
0 1 1 1 0 1 0 1 4 51
0 1 1 1 0 1 0 1 5 6
0 1 0 1 0 0 1 0 2 10
0 1 0 1 0 0 1 0 3 2
0 1 0 1 0 0 1 0 5 1
0 0 0 1 1 0 0 0 3 12
0 0 0 1 1 0 0 0 2 10
0 0 0 1 1 0 0 0 4 2
0 0 1 1 0 1 1 0 3 11
0 0 1 1 0 1 1 0 2 7
0 0 1 1 0 1 1 0 5 18
0 0 1 1 0 1 1 0 4 4
0 1 0 0 0 0 1 0 3 2
0 1 0 0 0 0 1 0 2 2
0 0 1 0 0 0 0 1 4 6
0 0 0 1 0 1 0 0 3 126
0 0 0 1 0 1 0 0 2 162
0 0 0 1 0 1 0 0 5 163
0 0 0 1 0 1 0 0 4 140
0 1 1 1 0 1 0 0 3 12
0 0 1 0 -1 -1 1 1 2 10
0 0 1 0 -1 -1 1 1 3 4
0 0 1 0 -1 -1 1 1 4 2
0 0 1 0 -1 -1 1 1 5 2
1 0 0 1 0 1 -1 -1 3 36
0 1 0 0 1 1 1 1 2 13
0 1 0 0 1 1 1 1 3 4
0 0 1 1 0 0 0 0 4 11
1 0 0 1 0 1 -1 -1 4 6
1 0 0 1 0 1 -1 -1 5 16
0 0 0 0 -1 -1 0 0 3 10
0 0 0 0 -1 -1 0 0 2 88
0 0 0 0 -1 -1 0 0 5 10
0 0 0 0 0 1 -1 -1 5 1
1 0 0 1 0 0 0 0 5 2
0 1 0 0 1 1 0 1 3 18
0 1 0 0 1 1 0 1 2 8
0 1 0 0 1 1 0 1 5 15
0 1 0 0 1 1 0 1 4 19
0 0 0 1 1 0 1 0 5 1
1 1 0 0 -1 -1 0 0 3 2
1 1 0 0 -1 -1 0 0 2 2
0 1 1 0 0 1 0 1 3 7
0 1 1 1 0 1 0 0 2 4
0 1 1 0 0 1 0 1 5 9
0 1 1 1 0 1 0 0 4 30
1 1 0 0 0 1 1 0 3 33
1 1 0 0 0 1 0 1 3 3
1 0 0 1 0 1 0 0 2 85
1 0 0 1 0 1 0 0 3 25
0 0 0 0 0 1 0 1 5 110
1 0 0 0 1 1 0 0 2 1
1 0 0 0 1 1 0 0 3 2
1 0 0 0 1 1 0 0 4 5
1 1 0 1 0 0 0 0 5 2
0 0 0 1 0 0 1 0 3 2
0 0 0 1 0 0 1 0 2 8
0 0 0 1 0 0 1 0 5 3
1 1 0 1 1 1 0 0 2 11
1 1 0 1 1 1 0 0 3 5
1 1 0 1 1 1 0 0 4 1
1 0 0 1 0 1 0 0 4 220
1 1 0 0 0 1 0 1 4 1
0 1 0 1 0 1 0 1 3 1571
0 1 0 1 0 1 0 1 2 831
0 1 0 1 0 1 0 1 5 501
0 1 0 1 0 1 0 1 4 663
0 1 1 1 0 0 1 1 2 13
0 1 0 1 0 0 0 1 2 1259
0 1 0 1 0 0 0 1 3 91
0 1 0 1 0 0 0 1 4 158
0 1 0 1 0 0 0 1 5 579
0 1 1 0 0 0 0 1 2 22
0 1 1 0 0 0 0 1 3 29
0 1 1 0 0 0 0 1 4 8
0 1 1 0 0 0 0 1 5 20
1 0 0 1 1 1 0 1 2 36
0 0 0 0 0 0 1 1 2 15
0 1 1 1 0 0 0 1 2 6
0 0 0 1 1 1 0 0 2 7
0 0 0 0 0 0 1 1 4 14
1 1 1 1 0 0 0 0 3 4
0 1 0 1 1 1 1 1 2 10
1 1 1 1 0 0 0 0 5 5
1 1 1 1 0 0 0 0 4 5
0 0 0 1 1 1 0 0 5 6
0 1 0 0 1 0 0 1 2 11
0 1 0 0 1 0 0 1 3 9
0 1 0 0 1 0 0 1 4 5
0 1 0 0 1 0 0 1 5 5
1 1 0 0 0 0 0 0 3 10
1 1 0 0 0 0 0 0 2 7
1 1 0 0 0 0 0 0 5 8
1 0 0 1 0 1 0 0 5 125
1 1 0 0 1 1 0 0 2 16
1 1 0 0 1 1 0 0 5 26
1 1 0 0 1 1 0 0 4 7
0 0 0 1 1 1 0 1 3 10
0 0 0 1 1 1 0 1 2 15
0 1 0 0 0 0 0 0 4 7
0 0 0 1 1 1 0 1 4 22
0 0 0 0 1 1 0 0 3 6
0 0 0 0 1 0 1 1 2 5
0 0 0 0 1 0 1 1 3 4
1 0 0 0 1 1 1 0 3 4
1 0 0 0 1 1 1 0 2 1
1 0 0 0 1 1 1 0 4 5
0 0 0 1 1 0 1 0 2 6
0 0 0 1 1 0 1 0 3 6
0 0 0 1 1 0 1 0 4 1
0 0 0 0 0 1 0 0 2 177
0 0 0 0 0 1 0 0 3 126
0 1 0 1 0 0 1 1 5 21
0 1 0 1 1 0 1 1 2 5
0 1 0 1 1 0 1 1 4 13
0 0 0 0 0 1 0 0 5 30
0 1 1 0 0 1 1 0 2 19
0 1 0 1 1 1 1 1 3 14
0 0 0 1 1 1 0 0 3 18
0 0 0 1 1 1 0 0 4 10
0 1 0 1 1 1 1 1 4 28
0 0 0 0 1 1 0 0 4 2
1 0 0 0 -1 -1 0 0 2 2
1 0 0 0 -1 -1 0 0 3 1
0 1 0 1 0 0 1 1 3 17
0 1 0 1 0 0 1 1 2 7
0 0 0 0 0 1 0 0 4 329
0 1 0 1 0 0 1 1 4 22
1 0 0 0 -1 -1 0 0 5 10
0 1 0 1 0 1 1 1 2 9
0 1 0 1 0 1 1 1 3 66
0 1 0 1 0 1 1 1 4 51
0 1 0 1 0 1 1 1 5 19
0 1 0 1 1 0 0 1 3 15
0 1 0 1 1 0 0 1 2 56
0 1 0 1 1 0 0 1 5 29
0 1 0 1 1 0 0 1 4 30
0 0 1 1 0 1 0 0 2 20
0 0 1 1 0 1 0 0 3 8
0 0 1 1 0 1 0 0 4 1
1 0 0 1 0 0 0 1 2 553
0 1 0 0 0 1 1 0 2 15
0 1 0 0 0 1 1 0 3 8
0 1 0 0 0 1 1 0 5 47
1 1 0 0 0 1 0 0 4 33
1 0 0 1 1 0 0 0 3 4
1 0 0 1 1 0 0 0 4 2
1 1 0 1 0 1 0 1 5 4
0 1 0 1 1 0 0 0 4 37
1 0 0 1 0 0 0 0 3 72
1 0 0 1 0 0 0 0 2 64
1 1 0 0 0 1 0 1 5 7
0 1 1 1 0 1 1 0 2 6
0 1 1 1 0 1 1 0 3 3
1 0 0 0 0 1 0 1 2 20
1 0 0 1 0 0 0 0 4 131
1 0 0 0 0 1 0 1 3 136
1 0 0 0 0 1 0 1 4 28
0 1 0 1 0 0 0 0 4 526
0 0 1 0 0 0 0 1 3 2
1 0 0 0 0 0 0 1 3 34
1 0 0 0 0 0 0 1 2 38
1 0 0 0 0 0 0 1 5 60
1 0 0 0 0 0 0 1 4 26
0 0 0 1 1 0 -1 -1 3 12
0 0 0 1 1 0 -1 -1 2 13
0 0 0 1 1 0 -1 -1 5 11
0 0 0 1 1 0 -1 -1 4 12
0 0 0 1 0 0 0 0 2 38
0 0 0 1 0 0 0 0 3 59
0 0 0 1 0 0 0 0 4 221
0 0 0 1 0 0 0 0 5 74
0 0 1 1 0 1 0 1 3 14
0 1 0 1 1 1 0 1 2 20
0 1 0 1 1 1 0 1 3 10
0 1 0 1 1 1 0 1 4 7
0 1 0 1 1 1 0 1 5 6
1 1 0 1 1 0 0 1 4 5
1 0 1 0 0 1 0 0 2 3
1 0 1 0 0 1 0 0 3 3
0 0 1 1 0 1 0 1 4 7
0 1 0 0 0 0 1 1 2 24
0 1 0 0 0 0 1 1 3 4
0 1 0 0 0 0 1 1 4 7
0 1 0 0 0 0 1 1 5 1
0 0 1 1 0 1 -1 -1 2 3
0 0 1 1 0 1 -1 -1 3 15
0 0 1 1 0 1 -1 -1 4 13
0 1 1 0 0 1 1 0 3 10
0 1 1 1 0 1 0 0 5 12
0 1 1 0 0 1 1 0 5 20
0 1 1 0 0 1 1 0 4 8
0 0 -1 -1 0 1 1 0 3 27
0 0 -1 -1 0 1 1 0 2 8
0 0 -1 -1 0 1 1 0 4 17
1 0 1 0 -1 -1 0 0 2 8
1 1 0 1 0 1 0 1 2 23
1 1 0 1 0 1 0 1 3 74
1 1 0 1 0 1 0 1 4 84
1 0 0 1 0 0 0 1 5 573
1 0 1 0 -1 -1 0 0 5 5
0 1 0 1 0 0 0 0 3 144
0 1 0 1 0 0 0 0 2 261
0 1 0 1 0 0 0 0 5 106
1 0 0 0 0 1 0 1 5 107
0 1 0 0 1 0 0 0 3 4
0 1 0 0 1 0 0 0 2 14
0 1 0 0 1 0 0 0 5 2
0 1 0 0 1 0 0 0 4 3
1 0 0 1 0 0 0 1 3 514
1 0 0 1 0 0 0 1 4 268
