-1 -1 0 0 1 1 0 1 2 0.137269056958
-1 -1 0 0 1 1 0 1 3 0.0
0 1 1 0 0 1 0 0 2 0.0
0 1 1 0 0 1 0 0 3 0.0
0 1 1 0 0 1 0 0 4 0.0
0 1 1 0 0 1 0 0 5 0.0
-1 -1 0 0 1 1 0 1 4 0.0
-1 -1 0 0 1 1 0 1 5 0.0663234268626
0 0 0 0 0 1 0 0 2 0.0
0 1 0 1 1 0 1 1 2 0.8838729
1 0 0 0 0 1 0 0 3 0.0
1 0 0 0 0 1 0 0 2 0.0
1 0 0 0 0 1 0 0 5 0.0
1 0 0 0 0 1 0 0 4 0.0
0 0 0 1 0 1 0 0 3 0.0
0 0 0 1 0 1 0 0 2 9.2023908672
0 0 0 1 0 1 0 0 5 0.0
0 0 0 1 0 1 0 0 4 0.0
0 1 0 1 0 0 1 1 3 0.0
0 1 0 1 0 0 1 1 2 0.0
0 1 0 1 0 0 1 1 4 0.0
0 1 0 1 1 0 0 1 3 0.670677132626
0 1 0 1 1 0 0 1 2 0.923136845147
0 1 0 1 1 0 0 1 4 8.45128652479
1 1 0 0 0 1 0 1 3 0.0
1 1 0 0 0 1 0 1 2 0.0
1 1 0 0 0 1 0 1 5 0.0
1 1 0 0 0 1 0 1 4 0.0
-1 -1 0 0 0 1 1 1 2 0.00502758128385
1 1 0 0 0 1 0 0 2 0.0
0 0 0 1 0 0 0 1 2 7.84365167144
1 1 0 0 0 1 0 0 4 0.0
0 0 0 1 0 0 0 1 4 6.33921133036
0 0 0 0 1 1 0 0 2 0.0
0 1 0 0 0 1 0 1 2 0.0
0 1 0 0 0 1 0 1 4 -90.0
0 1 0 1 0 1 0 0 2 0.0
0 1 0 0 0 1 0 1 3 1.68490088543
0 1 0 1 0 1 0 0 4 11.1903039149
0 1 0 0 0 1 0 1 5 7.19455715893
0 0 0 0 0 1 0 1 3 0.0
0 0 0 0 0 1 0 1 2 7.89927164335
0 0 0 0 0 1 0 1 5 0.0
0 0 0 0 0 1 0 1 4 0.0
1 0 0 0 1 1 0 0 2 0.0
0 1 0 0 0 0 0 0 4 0.0
1 1 1 0 0 1 0 0 3 0.0
1 1 1 0 0 1 0 0 2 0.0
1 1 1 0 0 1 0 0 5 0.0
1 1 0 1 1 1 0 0 2 0.0
1 1 0 1 1 1 0 0 3 0.0
1 1 0 1 1 1 0 0 5 0.0
1 1 0 0 0 0 0 1 2 0.07946829
1 1 0 0 0 0 0 1 3 0.0
-1 -1 0 0 0 1 0 1 3 0.0
0 1 0 1 0 1 0 1 3 7.0020471482
0 1 0 1 0 1 0 1 2 0.705068286014
0 1 0 0 0 1 0 0 5 0.0
0 1 0 0 0 1 0 0 4 0.0
-1 -1 0 0 0 1 0 1 2 0.000431958570247
1 0 0 1 0 1 0 1 3 0.0
1 0 0 1 0 1 0 1 2 1.55323356035
1 0 0 1 0 1 0 1 5 0.0
1 0 0 1 0 1 0 1 4 0.0
0 1 0 1 0 0 0 1 2 9.85263782192
0 1 0 1 0 0 0 1 3 7.73561752374
0 1 0 1 0 0 0 1 4 0.0
0 1 0 1 0 0 0 1 5 0.0
-1 -1 0 0 1 1 1 1 3 0.0
-1 -1 0 0 1 1 1 1 2 0.0
1 0 0 1 1 1 0 0 2 0.0
-1 -1 0 0 0 1 0 1 5 0.0
-1 -1 0 0 1 1 1 1 5 0.0
-1 -1 0 0 1 1 1 1 4 0.000448815319962
-1 -1 0 0 0 1 0 0 2 20.2138157068
-1 -1 0 0 0 1 0 0 3 3.00227597285
-1 -1 0 0 0 1 0 1 4 0.0
-1 -1 0 0 0 1 0 0 4 7.1298061445
-1 -1 0 0 0 1 0 0 5 7.71781982643
0 1 0 0 0 0 0 1 3 8.25506532534
0 1 0 0 0 0 0 1 2 0.909892571243
0 1 0 0 0 0 0 1 5 8.71522467306
0 1 0 0 0 0 0 1 4 8.32595812064
-1 -1 0 0 1 0 0 1 2 0.0
0 1 0 0 0 1 0 0 3 9.7946829
-1 -1 0 0 1 0 0 1 5 0.721054253983
0 0 0 1 0 0 0 1 3 0.0
0 1 0 0 0 1 0 0 2 -90.0
0 1 0 1 0 1 0 1 5 0.0
0 1 0 1 1 1 0 0 2 0.852480466255
0 1 0 1 1 1 0 0 5 0.0
0 1 0 1 0 1 0 1 4 7.03311420275
0 1 0 0 1 0 0 1 2 0.0
0 1 0 0 1 0 0 1 3 0.708927953046
1 0 0 1 0 0 0 1 2 0.0
1 0 0 1 0 0 0 1 3 0.0
0 0 0 1 0 0 0 1 5 0.0
1 0 0 1 0 0 0 1 5 0.0
1 0 0 0 0 1 0 1 2 0.0
1 0 0 0 0 1 0 1 5 15.7520963451
0 1 0 0 0 0 0 0 2 9.0
0 0 0 1 0 1 0 1 2 1.5386616034
0 0 0 1 0 1 0 1 3 9.90183645951
0 0 0 1 0 1 0 1 4 0.0
0 0 0 1 0 1 0 1 5 0.0
-1 -1 0 1 0 1 0 0 3 1.05070565261
-1 -1 0 1 0 1 0 0 2 10.4848174391
-1 -1 0 1 0 1 0 0 5 10.4124930174
-1 -1 0 1 0 1 0 0 4 10.5070565261
-1 -1 0 0 0 0 0 0 3 0.0
-1 -1 0 0 0 0 0 0 2 0.0
-1 -1 0 0 0 0 0 0 5 0.0
-1 -1 0 0 0 0 0 0 4 0.0
1 0 0 1 0 0 0 1 4 0.0
