-1 -1 0 0 1 1 0 1 2 43.0
-1 -1 0 0 1 1 0 1 3 1.0
1 1 0 0 0 1 1 1 5 1
1 1 1 0 0 1 0 1 3 7.0
-1 -1 0 0 1 1 0 1 4 1.0
-1 -1 0 0 1 1 0 1 5 1.0
0 0 -1 -1 1 0 0 1 3 2.0
0 0 -1 -1 1 0 0 1 2 48.0
0 0 -1 -1 1 0 0 1 5 3.0
0 0 -1 -1 1 0 0 1 4 1.0
1 0 0 1 0 0 0 1 5 349.0
0 1 0 1 0 0 0 1 2 612.0
0 1 0 1 0 0 0 1 3 246.0
-1 -1 0 1 1 1 1 0 5 2.0
0 0 0 1 1 0 -1 -1 3 2
0 1 0 0 1 0 0 0 2 45.0
0 1 0 1 0 0 0 1 5 3223.0
1 1 1 0 0 1 0 1 5 5.0
0 1 1 1 1 0 1 0 2 2.0
0 1 1 1 1 0 1 0 3 33.0
0 1 1 1 1 0 1 0 4 12.0
0 1 1 1 1 0 1 0 5 9.0
0 1 1 0 1 1 -1 -1 2 22
-1 -1 1 0 0 1 0 0 3 5.0
-1 -1 1 0 0 1 0 0 2 34.0
-1 -1 1 0 0 1 0 0 5 1.0
0 1 1 1 -1 -1 0 0 5 1.0
0 0 1 0 0 1 0 0 5 4
1 1 0 0 0 1 0 0 3 287.0
0 1 0 0 -1 -1 1 0 3 1.0
0 1 0 0 -1 -1 1 0 2 10.0
0 1 0 0 -1 -1 1 0 4 1.0
0 1 1 1 0 1 0 0 5 14.0
0 1 1 0 1 1 -1 -1 4 1
0 0 -1 -1 0 0 0 0 3 87.0
0 0 -1 -1 0 0 0 0 2 744.0
0 0 0 0 1 0 1 0 3 15.0
0 0 0 0 1 0 1 0 2 41.0
0 0 0 0 1 0 1 0 5 2.0
0 0 0 0 1 0 1 0 4 4.0
0 0 -1 -1 0 0 0 0 5 531.0
0 0 0 0 0 0 -1 -1 4 27.0
-1 -1 1 1 0 0 0 0 2 5.0
0 0 -1 -1 0 1 1 0 2 2
0 0 -1 -1 0 0 0 0 4 6.0
-1 -1 1 1 0 0 0 0 5 1.0
-1 -1 0 0 0 1 1 1 2 8.0
0 1 -1 -1 0 1 0 1 3 1.0
0 0 -1 -1 0 0 1 0 3 6.0
1 1 1 1 0 1 0 0 2 16.0
1 1 1 1 0 1 0 0 3 5.0
1 0 -1 -1 0 0 -1 -1 4 1.0
1 0 -1 -1 0 0 -1 -1 5 3.0
0 0 0 1 1 0 1 1 3 6.0
0 0 0 1 1 0 1 1 2 95.0
0 0 0 1 1 0 1 1 5 5.0
0 0 0 1 1 0 1 1 4 25.0
1 0 -1 -1 0 0 -1 -1 2 37.0
1 0 -1 -1 0 0 -1 -1 3 1.0
0 1 0 1 0 1 1 0 3 128.0
0 1 0 1 0 1 1 0 2 25.0
0 1 0 1 0 1 1 0 5 339.0
0 1 0 1 0 1 1 0 4 13.0
0 0 0 0 1 0 0 0 5 25
0 0 0 1 0 1 1 0 2 11.0
0 1 0 1 1 0 1 0 2 681.0
0 0 0 1 0 1 1 0 4 290.0
0 0 0 1 0 1 1 0 5 203.0
10 N 2 8
0 0 0 0 1 1 0 0 3 6.0
0 0 0 0 1 1 0 0 2 40.0
0 0 0 0 0 0 0 1 4 380.0
0 0 0 0 0 0 0 1 5 91.0
10 N 5 22
0 1 0 0 1 1 1 1 5 2.0
0 1 1 1 1 0 1 1 5 3
0 1 0 0 0 1 0 1 2 1938.0
1 1 0 0 1 0 0 0 3 1.0
0 1 0 0 0 1 0 1 4 954.0
0 1 0 0 0 1 0 1 5 2957.0
0 0 0 0 0 1 0 1 3 957.0
0 0 0 0 0 1 0 1 2 811.0
0 0 0 0 0 1 0 1 5 423.0
0 0 0 0 0 1 0 1 4 1681.0
0 0 -1 -1 0 0 1 1 2 11
1 1 -1 -1 1 0 0 0 2 1.0
1 0 -1 -1 1 0 0 0 2 3
0 0 1 0 0 1 0 0 3 56.0
1 0 -1 -1 1 0 0 0 5 1
1 1 -1 -1 1 0 0 0 5 1.0
0 1 0 0 0 0 -1 -1 2 16.0
1 0 0 1 1 1 0 1 2 6.0
1 0 0 1 1 1 0 1 3 25.0
0 0 0 0 0 0 1 1 5 1.0
0 0 0 0 0 0 1 1 4 2.0
0 1 1 0 -1 -1 0 0 3 1.0
0 1 1 0 -1 -1 0 0 2 2.0
0 1 0 0 0 0 0 0 2 954.0
0 1 0 0 0 0 0 0 3 571.0
0 1 0 0 0 0 0 0 4 2900.0
0 1 0 0 0 0 0 0 5 583.0
-1 -1 0 1 1 0 0 0 5 34.0
-1 -1 0 1 1 0 0 0 4 5.0
0 1 0 0 0 0 -1 -1 3 24.0
1 1 1 0 0 1 0 0 3 1.0
1 1 1 0 0 1 0 0 2 23.0
1 1 1 0 0 1 0 0 5 2.0
1 1 1 0 0 1 0 0 4 3.0
0 1 0 0 0 1 1 1 3 321.0
0 1 0 0 0 1 1 1 2 56.0
0 1 0 0 0 1 1 1 5 56.0
0 1 0 0 0 1 1 1 4 14.0
1 1 0 1 1 1 1 0 2 3
-1 -1 0 0 1 0 0 0 2 61.0
-1 -1 0 0 1 0 0 0 3 6.0
1 0 0 1 1 0 0 1 3 35.0
1 0 0 1 1 0 0 1 2 20.0
1 0 0 1 1 0 0 1 5 27.0
1 0 0 1 1 0 0 1 4 38.0
-1 -1 0 0 -1 -1 1 0 2 4.0
-1 -1 0 0 -1 -1 1 0 3 1.0
0 1 1 0 0 0 1 0 2 16.0
1 1 0 1 0 1 1 0 5 3
0 1 0 0 1 0 1 0 3 1
1 1 1 0 0 0 0 1 3 37.0
1 1 1 0 0 0 0 1 2 4.0
1 1 1 0 0 0 0 1 5 4.0
1 1 1 0 0 0 0 1 4 7.0
1 0 0 0 0 1 1 0 2 2.0
0 0 1 1 0 1 0 1 2 44.0
1 0 0 0 0 1 1 0 4 1.0
1 0 0 0 0 1 1 0 5 5.0
0 0 1 0 0 1 -1 -1 3 33.0
0 0 1 0 0 1 -1 -1 2 78.0
0 0 1 0 0 1 -1 -1 5 11.0
0 0 1 0 0 1 -1 -1 4 44.0
1 0 1 1 1 1 0 0 2 2
0 1 0 0 1 1 1 0 2 18.0
1 1 0 1 0 1 1 0 2 30
0 1 1 1 0 1 1 1 3 156.0
0 1 1 1 0 1 1 1 2 49.0
0 1 1 1 0 1 1 1 5 3.0
0 1 1 1 0 1 1 1 4 50.0
0 1 -1 -1 0 0 1 1 5 1
0 0 -1 -1 1 1 1 0 2 35
0 0 -1 -1 1 1 1 0 3 16
1 0 1 1 0 1 0 1 2 41.0
1 0 1 1 0 1 0 1 3 15.0
1 0 1 1 0 1 0 1 4 7.0
1 0 1 1 0 1 0 1 5 11.0
0 0 -1 -1 1 1 1 0 4 2
0 0 -1 -1 1 1 1 0 5 2
1 1 0 1 0 1 1 0 3 4
0 0 1 1 -1 -1 0 0 3 46.0
0 0 1 1 -1 -1 0 0 2 14.0
0 0 0 1 1 1 1 1 2 50.0
0 0 0 1 1 1 1 1 3 19.0
0 0 0 1 1 1 1 1 4 1.0
0 0 0 1 1 1 1 1 5 2.0
0 0 1 1 -1 -1 0 0 5 1.0
0 0 1 1 -1 -1 0 0 4 1.0
1 0 1 1 1 0 0 1 2 1.0
0 1 -1 -1 0 0 0 0 2 177.0
0 1 -1 -1 0 0 0 0 3 5.0
1 0 1 1 0 0 0 1 3 7.0
1 0 1 1 0 0 0 1 2 45.0
1 0 1 1 0 0 0 1 5 21.0
1 0 1 1 0 0 0 1 4 8.0
0 1 -1 -1 0 0 0 0 4 5.0
0 1 -1 -1 0 0 0 0 5 147.0
0 1 0 1 1 1 0 0 3 50.0
0 1 0 1 1 1 0 0 2 26.0
0 1 0 1 1 1 0 0 5 122.0
0 1 0 1 1 1 0 0 4 160.0
1 0 1 1 0 1 1 1 2 1.0
0 1 1 1 -1 -1 0 0 2 3.0
0 0 0 1 1 0 0 1 2 2.0
0 0 0 1 1 0 0 1 3 24.0
0 0 0 1 1 0 0 1 4 21.0
0 0 0 1 1 0 0 1 5 155.0
0 1 1 1 -1 -1 0 0 3 1.0
0 0 1 1 0 1 1 1 2 8.0
0 0 1 1 0 1 1 1 3 39.0
0 0 1 1 0 1 1 1 4 2.0
0 0 1 1 0 1 1 1 5 2.0
0 0 0 1 0 0 0 1 3 1432.0
0 0 0 1 0 0 0 1 2 5181.0
0 0 0 1 0 0 0 1 5 954.0
0 0 0 1 0 0 0 1 4 50.0
1 0 0 1 1 1 0 1 5 8
0 0 0 1 0 1 0 1 2 1382.0
0 0 0 1 0 1 0 1 3 765.0
0 0 0 1 0 1 0 1 4 3071.0
0 0 0 1 0 1 0 1 5 2113.0
0 0 0 0 0 1 1 0 3 329.0
-1 -1 0 1 0 1 0 0 3 62.0
-1 -1 0 1 0 1 0 0 2 200.0
1 1 1 1 0 0 1 0 2 7.0
1 1 1 1 0 0 1 0 3 1.0
-1 -1 0 1 0 1 0 0 5 21.0
-1 -1 0 1 0 1 0 0 4 477.0
0 0 -1 -1 0 1 0 0 2 383.0
0 0 -1 -1 0 1 0 0 3 356.0
0 0 0 1 0 1 0 0 3 3559.0
0 0 -1 -1 0 1 0 0 4 63.0
0 0 -1 -1 0 1 0 0 5 106.0
0 0 0 1 1 0 -1 -1 4 2
0 0 1 1 0 0 0 1 2 2.0
0 0 1 1 0 0 0 1 3 50.0
0 0 0 0 0 1 1 1 4 89.0
0 0 0 0 0 1 1 1 5 212.0
0 0 0 0 -1 -1 0 1 2 23.0
0 0 0 0 -1 -1 0 1 3 4.0
0 1 -1 -1 1 0 0 0 5 4
0 0 0 0 -1 -1 0 1 4 3.0
0 0 0 0 -1 -1 0 1 5 6.0
0 1 1 0 0 1 0 0 2 13.0
0 1 1 0 0 1 0 0 3 3.0
0 1 1 0 0 1 0 0 4 113.0
0 1 1 0 0 1 0 0 5 13.0
0 1 0 0 0 0 1 0 3 14.0
0 1 0 0 0 0 1 0 2 270.0
0 1 0 0 0 0 1 0 5 66.0
0 1 0 0 0 0 1 0 4 381.0
1 1 0 0 0 0 1 1 2 2.0
1 1 0 0 0 0 1 1 5 2.0
1 1 0 0 0 0 1 1 4 1.0
1 1 0 0 1 1 1 0 2 3
0 1 1 1 1 0 1 1 2 8
1 1 0 0 1 1 1 0 5 1
0 1 0 0 1 1 0 0 2 50.0
0 1 0 0 1 1 0 0 3 10.0
0 1 0 0 1 1 0 0 4 32.0
0 1 0 0 1 1 0 0 5 132.0
1 0 0 1 0 1 1 1 2 1.0
0 0 -1 -1 1 0 1 0 3 10
0 0 -1 -1 1 0 1 0 2 9.0
0 0 0 0 0 1 0 0 2 675.0
0 0 -1 -1 1 0 1 0 5 1
0 0 -1 -1 1 0 1 0 4 6.0
1 0 0 0 0 1 0 0 3 65.0
1 0 0 0 0 1 0 0 2 1185.0
1 0 0 0 0 1 0 0 5 37.0
1 0 0 0 0 1 0 0 4 166.0
0 0 0 1 1 0 -1 -1 2 12
0 0 0 1 0 0 -1 -1 2 3.0
0 0 0 1 0 0 -1 -1 3 54
0 0 0 0 0 1 0 0 3 884.0
0 1 0 0 1 1 1 1 4 2.0
0 0 0 1 0 0 -1 -1 4 94
0 0 0 1 0 0 -1 -1 5 79
1 1 0 1 0 0 -1 -1 2 3
0 1 1 1 1 0 1 1 3 2
1 0 0 0 0 1 1 0 3 2.0
1 1 0 0 0 1 0 1 3 304.0
1 1 0 0 0 1 0 1 2 22.0
1 1 0 0 0 1 0 1 5 155.0
1 1 0 0 0 1 0 1 4 108.0
0 0 0 1 0 1 0 0 5 943.0
0 0 -1 -1 0 1 -1 -1 5 30.0
0 1 1 1 1 1 1 1 2 21.0
0 0 0 0 0 1 1 0 2 24.0
0 1 1 1 1 1 1 1 4 5.0
0 1 1 1 1 1 1 1 5 9.0
0 0 -1 -1 0 1 -1 -1 2 147.0
0 0 -1 -1 0 1 -1 -1 3 51.0
0 0 1 1 0 0 0 0 5 99.0
0 0 0 0 0 1 1 0 4 17.0
1 1 0 1 0 1 0 0 5 33.0
0 0 0 0 1 1 1 0 2 33.0
1 0 0 1 0 0 1 0 3 2.0
0 0 0 1 -1 -1 0 0 2 91.0
1 0 1 1 0 0 0 0 2 205.0
0 0 0 0 0 1 0 0 5 928.0
0 0 0 0 0 0 -1 -1 3 5.0
1 0 1 1 0 0 0 0 3 6.0
0 0 0 0 0 0 -1 -1 2 17.0
-1 -1 1 1 0 0 1 0 2 1.0
-1 -1 1 1 0 0 1 0 3 1.0
-1 -1 1 1 0 0 1 0 4 3.0
-1 -1 1 1 0 0 1 0 5 1.0
1 0 0 1 1 1 -1 -1 3 3.0
1 0 0 1 1 1 -1 -1 2 32.0
1 0 0 1 1 1 -1 -1 5 4.0
-1 -1 0 0 1 1 0 0 3 1.0
-1 -1 0 0 1 1 0 0 2 18.0
0 1 1 0 0 1 -1 -1 5 26.0
0 1 1 1 0 0 1 0 5 2.0
-1 -1 0 0 1 1 0 0 5 2.0
-1 -1 0 0 1 1 0 0 4 3.0
0 0 -1 -1 0 0 1 0 2 32.0
0 0 0 1 -1 -1 0 0 3 3.0
0 0 0 0 1 0 0 0 2 145.0
0 0 0 0 1 0 0 0 3 44.0
0 0 0 0 1 0 0 0 4 1
0 0 0 0 0 0 -1 -1 5 261.0
0 0 0 1 -1 -1 0 0 4 3.0
0 0 0 1 -1 -1 0 0 5 2.0
0 1 0 1 0 1 0 0 2 5191.0
0 1 0 1 0 1 0 0 3 735.0
0 1 0 1 0 1 0 0 4 408.0
0 1 0 1 0 1 0 0 5 773.0
-1 -1 0 1 -1 -1 0 0 4 2.0
-1 -1 0 1 -1 -1 0 0 5 1.0
-1 -1 0 1 -1 -1 0 0 2 16.0
-1 -1 0 1 -1 -1 0 0 3 1.0
0 1 1 1 0 0 1 0 4 25.0
0 0 0 1 0 1 1 1 2 5.0
0 0 0 1 0 1 1 1 4 1.0
-1 -1 1 0 0 0 0 0 2 48.0
-1 -1 1 0 0 0 0 0 3 8.0
0 0 0 1 0 0 1 1 2 64.0
0 0 0 1 0 0 1 1 3 81.0
0 0 0 1 0 0 1 1 4 2.0
0 0 0 1 0 0 1 1 5 1.0
-1 -1 1 0 0 0 0 0 4 8.0
-1 -1 1 0 0 0 0 0 5 16.0
0 1 0 1 -1 -1 0 1 2 2.0
1 1 1 0 0 1 1 0 3 1.0
0 1 0 1 -1 -1 0 1 3 1.0
1 0 1 1 1 0 0 0 3 5.0
1 0 1 1 1 0 0 0 2 27.0
1 0 1 1 1 0 0 0 5 9.0
1 0 1 1 1 0 0 0 4 6.0
0 1 -1 -1 0 1 0 1 2 5.0
0 1 1 0 1 0 0 0 2 1.0
0 1 1 1 0 0 0 0 2 12.0
0 1 1 1 0 0 0 0 3 76.0
0 1 1 1 0 0 0 0 4 2.0
0 1 1 1 0 0 0 0 5 296.0
1 0 0 1 0 0 1 0 2 10.0
1 1 1 1 0 0 0 1 2 25.0
1 1 1 1 0 0 0 1 3 151.0
1 1 1 1 0 0 0 1 4 17.0
1 1 1 1 0 0 0 1 5 37.0
0 1 0 1 0 0 -1 -1 3 16.0
0 1 0 1 0 0 -1 -1 2 198.0
0 0 0 0 0 0 0 0 3 242.0
0 0 0 0 0 0 0 0 2 2481.0
0 0 0 0 0 0 0 0 5 410.0
0 0 0 0 0 0 0 0 4 180.0
0 1 0 1 0 0 -1 -1 5 99.0
0 1 0 1 0 0 -1 -1 4 70.0
-1 -1 0 1 0 0 1 0 3 4.0
-1 -1 0 1 0 0 1 0 2 9.0
-1 -1 0 1 0 0 1 0 5 1.0
-1 -1 0 1 0 0 1 0 4 2.0
1 0 -1 -1 1 1 0 0 2 2
1 0 -1 -1 1 1 0 0 3 1
1 1 0 0 0 0 0 1 2 6.0
1 1 0 0 0 0 0 1 3 43.0
1 1 0 0 0 0 0 1 4 85.0
1 1 0 0 0 0 0 1 5 104.0
0 1 -1 -1 0 1 0 0 3 4.0
0 1 -1 -1 0 1 0 0 2 70.0
-1 -1 0 0 0 1 1 0 5 1.0
0 1 -1 -1 0 1 0 0 4 4.0
1 1 0 0 1 0 0 1 3 424.0
0 1 0 0 0 1 0 0 2 7662.0
0 1 0 0 0 1 0 0 5 230.0
1 1 0 0 1 0 0 1 4 22.0
1 0 0 1 0 1 0 1 3 1834.0
1 0 0 1 0 1 0 1 2 25864.0
1 0 0 1 0 1 0 1 5 9913.0
1 0 0 1 0 1 0 1 4 1580.0
-1 -1 0 0 0 1 1 0 3 2.0
1 0 0 1 0 0 1 0 4 1.0
1 0 1 0 0 1 0 1 2 5.0
0 0 1 1 0 0 0 0 3 101.0
-1 -1 0 0 0 1 1 0 2 13.0
1 1 0 0 1 1 0 1 2 61.0
1 1 0 0 1 1 0 1 3 50.0
1 1 0 0 1 1 0 1 4 26.0
1 1 0 0 1 1 0 1 5 7.0
1 1 1 0 0 1 1 0 5 1.0
1 0 0 1 1 1 0 0 3 64.0
1 0 0 1 1 1 0 0 2 39.0
1 0 0 1 1 1 0 0 5 10.0
1 0 0 1 1 1 0 0 4 5.0
0 1 -1 -1 1 0 1 1 2 1
0 0 1 0 0 1 1 0 2 6.0
0 0 1 0 0 1 1 0 3 45.0
0 0 1 0 0 1 1 0 4 5.0
0 0 1 0 0 1 1 0 5 3.0
0 0 1 1 0 1 0 1 4 1
1 0 0 1 0 0 1 0 5 2.0
0 1 0 0 0 0 0 1 3 482.0
0 1 0 0 0 0 0 1 2 233.0
0 1 0 0 0 0 0 1 5 5139.0
0 1 0 0 0 0 0 1 4 1075.0
0 1 1 1 1 0 0 1 2 5
-1 -1 0 0 0 1 1 0 4 2.0
0 0 1 1 1 1 0 0 4 2
1 0 1 1 0 0 0 0 4 6.0
-1 -1 0 0 1 0 0 1 2 1.0
0 1 0 0 0 1 0 0 3 112.0
-1 -1 0 0 1 0 0 1 5 5.0
1 0 0 0 1 1 -1 -1 2 4.0
1 0 0 0 1 1 -1 -1 3 2.0
1 0 0 0 1 1 1 1 2 2
1 1 0 0 1 0 0 1 2 34.0
1 0 0 0 1 1 -1 -1 4 28.0
0 1 0 0 0 1 -1 -1 4 9
1 1 0 0 1 0 0 1 5 2.0
0 1 0 0 0 1 0 0 4 949.0
0 0 0 1 0 1 -1 -1 3 62.0
0 0 0 1 0 1 -1 -1 2 1526.0
1 0 1 1 0 0 0 0 5 6.0
0 0 0 1 0 1 -1 -1 5 15.0
0 0 0 1 0 1 -1 -1 4 223.0
0 0 0 0 0 1 1 1 2 36.0
0 1 0 0 -1 -1 0 0 2 1.0
0 1 0 0 -1 -1 0 0 3 20.0
1 1 0 1 1 0 0 0 3 7.0
1 1 0 1 1 0 0 0 2 35.0
1 1 0 1 1 0 0 0 5 47.0
1 1 0 1 1 0 0 0 4 374.0
0 1 0 0 -1 -1 0 0 4 1.0
0 1 0 0 -1 -1 0 0 5 1.0
1 0 1 0 0 1 -1 -1 5 2
0 0 1 1 0 0 0 1 4 4.0
1 1 0 1 0 0 0 1 3 1.0
0 1 1 1 1 0 0 0 4 39.0
-1 -1 0 0 -1 -1 0 0 5 13.0
1 1 0 1 0 0 0 1 2 962.0
0 1 -1 -1 0 0 1 1 2 9
1 1 0 1 0 0 0 1 5 357.0
0 1 0 1 1 1 1 0 2 9.0
0 1 0 1 1 1 1 0 3 33.0
0 1 0 1 1 1 1 0 4 50.0
0 1 0 1 1 0 1 0 3 35.0
1 1 0 1 0 0 0 1 4 1.0
0 0 -1 -1 0 0 1 0 4 93.0
1 0 -1 -1 0 0 0 0 2 13.0
0 0 0 1 0 1 1 0 3 37.0
1 0 -1 -1 0 0 0 0 3 5.0
0 1 0 1 1 0 1 0 5 4.0
0 1 0 1 1 0 1 0 4 3.0
1 0 1 1 0 1 0 0 3 46.0
1 0 1 1 0 1 0 0 2 62.0
1 0 1 1 0 1 0 0 5 2.0
1 0 1 1 0 1 0 0 4 1.0
0 0 -1 -1 0 0 1 0 5 6.0
-1 -1 0 0 0 0 0 0 3 66.0
-1 -1 0 0 0 0 0 0 2 530.0
0 0 0 1 1 1 1 0 3 40.0
0 0 0 1 1 1 1 0 2 36.0
0 1 0 1 1 0 0 0 4 33.0
0 0 0 1 1 1 1 0 4 36.0
-1 -1 0 0 0 0 0 0 5 65.0
-1 -1 0 0 0 0 0 0 4 55.0
1 0 -1 -1 0 0 0 0 5 26.0
0 0 0 0 0 0 0 1 2 614.0
-1 -1 0 1 1 1 1 0 3 4.0
1 0 1 0 0 1 -1 -1 3 9.0
0 0 0 0 0 0 0 1 3 49.0
0 1 0 1 0 0 1 1 3 1.0
1 0 1 0 0 1 -1 -1 4 1.0
-1 -1 0 1 1 1 1 0 4 8.0
0 1 -1 -1 0 0 0 1 3 1.0
0 1 -1 -1 0 0 0 1 2 9.0
-1 -1 1 0 0 1 0 0 4 1.0
1 0 0 1 0 0 0 0 4 2387.0
0 1 1 1 0 1 0 1 2 6.0
0 1 -1 -1 0 0 0 1 5 1.0
0 1 -1 -1 0 0 0 1 4 3.0
0 1 1 1 0 1 0 1 3 215.0
0 1 1 1 0 1 0 1 4 5.0
0 1 1 1 0 1 0 1 5 30.0
0 1 0 1 0 0 1 0 2 6.0
0 1 0 1 0 0 1 0 3 325.0
0 1 0 1 0 0 1 0 4 52.0
0 1 0 1 0 0 1 0 5 52.0
0 0 0 1 1 0 0 0 3 300.0
1 1 1 1 1 0 0 1 2 1.0
0 0 0 1 1 0 0 0 5 1.0
0 0 0 1 1 0 0 0 4 3.0
0 0 1 1 0 1 1 0 3 10.0
0 0 1 1 0 1 1 0 2 51.0
0 0 1 1 0 1 1 0 5 121.0
0 0 1 1 0 1 1 0 4 9.0
0 0 1 0 0 1 0 1 2 93.0
0 1 0 0 1 0 1 0 2 16.0
0 1 0 1 0 0 1 1 5 84.0
0 0 -1 -1 1 0 -1 -1 3 30.0
0 0 1 0 0 0 1 0 2 1.0
0 0 1 0 0 0 1 0 4 1.0
0 0 1 0 0 0 0 1 5 49.0
0 1 -1 -1 0 1 1 1 5 1
0 0 1 0 0 0 0 1 4 19.0
1 1 1 0 0 1 1 0 2 1.0
0 0 0 1 0 1 0 0 2 470.0
1 1 1 0 0 1 1 0 4 1.0
0 0 0 1 0 1 0 0 4 57.0
1 1 0 1 1 0 0 1 4 34.0
-1 -1 1 0 -1 -1 0 0 4 4.0
-1 -1 1 0 -1 -1 0 0 5 2.0
1 1 0 0 1 1 1 1 2 14
0 1 0 1 1 0 0 0 3 1025.0
0 1 1 0 0 1 0 1 3 127.0
-1 -1 1 0 -1 -1 0 0 2 20.0
-1 -1 1 0 -1 -1 0 0 3 5.0
0 0 -1 -1 0 1 0 1 3 32.0
0 0 -1 -1 0 1 0 1 2 24.0
0 1 1 1 0 1 0 0 2 48.0
1 0 0 1 0 0 0 1 4 25.0
1 0 0 1 0 0 0 0 3 40.0
0 0 -1 -1 0 1 0 1 5 14.0
0 0 -1 -1 0 1 0 1 4 4.0
1 0 0 1 0 1 -1 -1 2 7.0
1 0 0 1 0 1 -1 -1 3 1.0
0 1 0 0 1 1 1 1 2 2.0
0 0 1 1 0 0 0 0 2 24.0
0 0 0 0 0 1 1 0 5 16.0
0 0 1 1 0 0 0 0 4 33.0
1 0 0 1 0 1 -1 -1 4 1
1 0 0 1 0 1 -1 -1 5 2.0
0 1 -1 -1 1 0 0 0 3 6.0
0 1 -1 -1 1 0 0 0 2 38.0
1 1 0 1 1 0 0 1 5 101.0
0 0 0 0 0 1 -1 -1 4 147.0
0 1 -1 -1 1 0 0 0 4 7.0
1 0 0 0 0 0 -1 -1 2 9.0
1 0 0 0 0 0 -1 -1 3 1.0
0 0 -1 -1 0 0 1 1 4 1
1 0 0 0 0 0 -1 -1 4 22.0
1 0 0 0 0 0 -1 -1 5 1.0
0 0 1 0 1 1 -1 -1 2 28
0 1 0 0 1 0 1 1 2 27.0
0 1 0 0 1 0 1 1 5 13.0
0 1 0 0 1 0 1 1 4 8.0
0 0 1 0 1 1 -1 -1 4 1
0 0 1 0 1 1 -1 -1 5 1
0 0 1 1 1 1 0 0 2 5
0 0 1 1 1 1 0 0 5 1
-1 -1 0 1 0 1 0 1 4 1.0
0 1 0 0 1 0 -1 -1 4 2.0
1 1 1 1 0 1 1 0 3 1
1 1 1 1 0 1 1 0 2 5
0 1 0 0 1 1 0 1 3 57.0
0 1 0 0 1 1 0 1 2 25.0
0 1 0 0 1 1 0 1 5 38.0
0 1 0 0 1 1 0 1 4 83.0
0 1 1 1 1 1 1 0 2 3
1 0 1 0 1 1 -1 -1 2 2
1 1 -1 -1 0 0 0 0 3 2.0
1 1 -1 -1 0 0 0 0 2 12.0
0 1 1 1 0 1 0 0 3 49.0
0 1 1 0 0 1 0 1 2 104.0
0 1 1 0 0 1 0 1 5 3.0
0 1 1 0 0 1 0 1 4 340.0
1 1 -1 -1 0 0 0 0 5 1.0
1 1 -1 -1 0 0 0 0 4 2.0
0 0 -1 -1 0 0 -1 -1 5 174.0
0 0 -1 -1 0 0 -1 -1 4 299.0
0 1 0 0 0 1 0 1 3 223.0
0 0 -1 -1 0 0 -1 -1 3 167.0
0 0 -1 -1 0 0 -1 -1 2 5.0
0 1 0 0 1 1 -1 -1 2 56.0
0 1 0 0 1 1 -1 -1 3 1.0
1 0 0 0 1 0 0 1 2 124.0
1 0 0 0 1 0 0 1 3 1.0
1 1 0 0 1 0 0 0 5 48.0
1 0 1 0 0 1 1 0 2 2
0 1 0 0 1 1 -1 -1 5 1.0
1 0 1 0 0 0 0 1 2 5
1 1 1 1 0 1 1 0 4 1
1 0 0 0 0 0 0 0 2 109.0
1 0 0 0 0 0 0 0 3 2
1 0 0 0 0 0 0 0 4 10
1 0 0 0 0 0 0 0 5 10
-1 -1 0 0 1 1 1 0 2 5.0
1 1 0 1 0 0 0 0 2 4.0
-1 -1 0 0 1 1 1 0 5 1.0
1 1 0 1 0 0 0 0 3 4.0
1 0 0 1 0 1 0 0 4 123.0
1 0 0 0 1 1 0 0 2 7.0
1 0 0 0 1 1 0 0 3 1.0
1 0 0 0 1 1 0 0 5 1.0
0 1 1 1 1 0 1 1 4 3
1 1 0 1 0 0 0 0 5 349.0
0 0 -1 -1 0 1 1 1 2 15.0
-1 -1 0 1 1 1 1 0 2 28.0
0 0 -1 -1 0 1 1 1 5 1.0
0 0 0 0 1 1 1 1 3 1.0
0 0 0 0 1 1 1 1 2 7.0
-1 -1 0 1 0 0 0 0 2 223.0
-1 -1 0 1 0 0 0 0 3 188.0
0 0 0 1 0 0 1 0 3 4.0
0 0 0 1 0 0 1 0 2 251.0
0 0 0 1 0 0 1 0 5 5.0
0 0 0 1 0 0 1 0 4 3.0
-1 -1 0 1 0 0 0 0 4 13.0
-1 -1 0 1 0 0 0 0 5 18.0
1 1 0 1 1 1 0 0 2 32.0
1 0 1 1 0 0 1 0 2 1.0
1 1 0 1 1 1 0 0 4 8.0
1 0 1 1 0 0 1 0 4 1.0
-1 -1 0 1 0 1 1 0 2 1.0
-1 -1 0 1 0 1 1 0 3 1.0
0 0 0 0 1 1 0 1 3 17.0
-1 -1 0 1 0 1 1 0 5 12.0
0 1 1 0 0 1 1 1 2 31.0
0 1 1 0 0 1 1 1 3 2.0
0 1 1 0 0 1 1 1 4 2.0
0 1 1 0 0 1 1 1 5 4.0
0 1 0 1 0 1 0 1 3 4322.0
0 1 0 1 0 1 0 1 2 117.0
0 1 0 1 0 1 0 1 5 3730.0
0 1 0 1 0 1 0 1 4 465.0
0 1 1 1 1 1 1 0 5 1
0 1 1 1 0 0 1 1 2 34.0
0 1 1 1 0 0 1 1 3 6.0
0 1 1 1 0 0 1 1 4 74.0
0 1 1 1 0 0 1 1 5 53.0
0 0 0 1 1 1 -1 -1 2 9.0
0 0 0 1 1 1 -1 -1 3 10.0
0 0 1 1 1 0 1 0 3 1.0
0 0 1 1 1 0 1 0 2 5.0
0 1 0 1 0 0 0 1 4 6445.0
0 0 1 1 1 0 1 0 4 1.0
0 0 0 1 1 1 -1 -1 4 2.0
0 0 0 1 1 1 -1 -1 5 111.0
0 1 1 0 1 1 -1 -1 3 1
0 1 0 0 0 1 -1 -1 3 36.0
0 1 1 0 1 1 -1 -1 5 1
0 1 0 0 0 1 -1 -1 2 321.0
1 0 0 1 0 1 0 0 2 7.0
-1 -1 0 0 0 1 0 0 3 256.0
0 1 0 0 0 0 1 1 2 13.0
-1 -1 0 0 0 1 0 0 4 310.0
-1 -1 0 0 0 1 0 0 5 52.0
0 1 1 0 0 0 0 1 2 19.0
0 1 1 0 0 0 0 1 3 33.0
0 1 1 0 0 0 0 1 4 120.0
0 1 1 0 0 0 0 1 5 17.0
0 0 -1 -1 0 0 1 1 3 1
0 0 1 0 0 0 0 0 4 8.0
0 0 0 0 1 0 0 1 3 1.0
0 0 0 0 1 0 0 1 2 14.0
0 0 0 0 0 0 1 1 3 33.0
0 0 -1 -1 0 0 1 1 5 1
0 1 0 0 0 0 1 1 5 35.0
0 1 -1 -1 0 0 1 0 3 14.0
0 0 0 0 0 0 1 1 2 35.0
0 1 0 0 0 1 -1 -1 5 32.0
1 0 0 1 0 1 0 0 3 2573.0
0 1 -1 -1 0 0 1 0 2 39.0
1 0 0 1 1 1 0 1 4 9.0
0 1 1 1 0 0 0 1 3 3.0
0 1 1 1 0 0 0 1 2 2.0
0 1 1 1 0 0 0 1 5 433.0
0 1 1 1 0 0 0 1 4 38.0
0 0 -1 -1 0 1 1 0 5 1
0 0 -1 -1 1 0 0 0 2 6.0
0 0 -1 -1 1 0 0 0 3 33.0
1 1 1 1 0 0 0 0 3 10.0
1 1 1 1 0 0 0 0 2 84.0
1 1 1 1 0 0 0 0 5 2.0
1 1 1 1 0 0 0 0 4 2.0
1 0 0 0 0 1 1 1 2 4
0 1 0 1 1 1 1 1 5 4.0
0 1 0 1 1 1 0 1 3 32.0
0 1 0 0 1 1 1 1 3 36.0
0 1 0 1 -1 -1 0 0 3 6.0
0 1 0 1 -1 -1 0 0 2 9.0
0 1 0 0 1 0 0 1 2 22.0
0 1 0 0 1 0 0 1 3 1040.0
0 1 0 0 1 0 0 1 4 471.0
0 1 0 0 1 0 0 1 5 8.0
0 1 0 1 -1 -1 0 0 5 18.0
0 1 0 1 -1 -1 0 0 4 52.0
1 1 0 0 0 0 0 0 3 43.0
1 1 0 0 0 0 0 0 2 4.0
1 1 0 0 0 0 0 0 5 335.0
1 1 0 0 0 0 0 0 4 18.0
0 0 1 0 0 1 0 0 2 48.0
1 1 0 1 1 1 0 0 5 1.0
1 1 0 0 1 0 0 0 2 3.0
0 1 -1 -1 0 1 0 0 5 4.0
-1 -1 0 0 -1 -1 0 0 4 17.0
1 0 0 1 0 1 0 0 5 19.0
-1 -1 0 0 -1 -1 0 0 3 8.0
-1 -1 0 0 -1 -1 0 0 2 93.0
1 1 0 1 0 0 1 0 2 1.0
0 1 1 0 0 0 1 1 2 24.0
-1 -1 0 1 1 0 0 0 3 20.0
1 1 0 0 1 1 0 0 3 2.0
1 1 0 0 1 1 0 0 2 68.0
1 1 0 0 1 1 0 0 5 17.0
1 1 0 0 1 1 0 0 4 2.0
-1 -1 0 1 1 0 0 0 2 20.0
0 0 0 0 1 0 -1 -1 2 4.0
0 0 0 1 1 1 0 1 3 4.0
0 1 0 1 0 0 0 0 3 154.0
0 0 1 1 1 1 -1 -1 2 1
0 0 1 0 0 1 1 1 3 2.0
0 0 1 0 0 1 1 1 2 9.0
0 0 1 0 0 1 1 1 5 1.0
0 0 1 0 0 1 1 1 4 1.0
1 1 0 1 0 1 1 0 4 2
0 0 0 1 1 1 0 1 5 2.0
0 0 0 1 1 1 0 1 4 2.0
1 0 1 0 0 0 0 0 3 5.0
1 0 1 0 0 0 0 0 2 55.0
1 1 0 0 1 0 0 0 4 1.0
1 0 1 0 0 0 0 0 4 6.0
0 0 -1 -1 0 0 0 1 2 197.0
0 0 -1 -1 0 0 0 1 3 64.0
0 0 0 0 1 0 1 1 2 18.0
0 0 0 0 1 0 1 1 3 1.0
0 0 -1 -1 0 0 0 1 4 228.0
0 0 -1 -1 0 0 0 1 5 186.0
1 1 0 1 1 0 1 0 2 5.0
1 1 0 1 1 0 1 0 3 1.0
1 1 0 1 1 0 1 0 4 1.0
0 0 0 0 0 1 1 1 3 106.0
0 1 1 1 1 0 0 0 3 1.0
0 0 0 1 1 0 1 0 2 39.0
0 0 0 1 1 0 1 0 3 3.0
0 0 0 1 1 0 1 0 4 47.0
0 0 0 1 1 0 1 0 5 7.0
0 1 0 0 0 0 1 1 3 44.0
0 1 0 1 0 0 1 1 2 8.0
0 0 -1 -1 0 1 1 0 4 23
0 0 0 0 0 1 0 0 4 400.0
0 1 0 1 1 0 1 1 2 43.0
0 1 0 1 1 0 1 1 3 28.0
0 1 0 1 1 0 1 1 4 71.0
0 1 0 1 1 0 1 1 5 63.0
0 1 1 1 1 0 0 0 2 1.0
1 0 -1 -1 0 0 0 0 4 29.0
0 0 0 0 1 1 0 1 2 9.0
0 0 0 0 1 1 0 0 5 5.0
0 0 0 0 1 1 0 1 4 1.0
0 0 0 0 1 1 0 1 5 1.0
1 0 1 0 0 0 -1 -1 3 1.0
1 0 1 0 0 0 -1 -1 2 2.0
0 0 0 1 1 1 0 0 2 136.0
0 1 0 1 1 1 1 1 2 44.0
0 0 0 1 1 1 0 0 4 13.0
0 0 0 1 1 1 0 0 5 5.0
0 1 -1 -1 0 0 1 0 5 1.0
0 1 -1 -1 0 0 1 0 4 2.0
1 1 0 1 0 1 0 1 3 3.0
0 0 0 0 1 1 0 0 4 68.0
0 1 -1 -1 1 1 1 0 2 3
0 0 1 1 0 0 1 0 2 93.0
0 0 1 1 0 0 1 0 3 4.0
0 0 1 1 0 0 1 0 4 3.0
0 0 1 1 0 0 1 0 5 3.0
-1 -1 0 0 -1 -1 1 0 4 2.0
0 1 0 1 0 1 1 1 2 638.0
0 1 0 1 0 1 1 1 3 56.0
0 1 0 1 0 1 1 1 4 210.0
0 1 0 1 0 1 1 1 5 190.0
-1 -1 0 0 -1 -1 1 0 5 1.0
0 1 0 1 1 0 0 1 3 58.0
0 1 0 1 1 0 0 1 2 11.0
0 1 0 1 1 0 0 1 5 417.0
0 0 0 1 1 0 0 0 2 58.0
0 0 0 0 0 0 1 0 2 5.0
0 0 0 0 0 0 1 0 3 3.0
0 0 0 0 0 0 1 0 4 55.0
0 0 0 0 0 0 1 0 5 2.0
0 1 -1 -1 1 1 1 0 4 2
0 0 -1 -1 0 1 1 0 3 13
0 1 1 0 0 0 1 1 5 1.0
0 0 1 1 0 1 0 0 2 134.0
0 0 1 1 0 1 0 0 3 4.0
0 0 1 0 0 1 0 1 4 57.0
-1 -1 0 0 1 0 0 0 4 7.0
1 1 1 0 0 1 0 1 2 60.0
-1 -1 0 0 1 0 0 0 5 6.0
1 1 1 0 0 1 0 1 4 6.0
1 1 0 1 0 1 0 1 2 65.0
0 1 0 1 1 0 0 1 4 56.0
-1 -1 1 0 0 0 1 0 3 3.0
-1 -1 1 0 0 0 1 0 2 7.0
0 1 0 0 0 1 1 0 2 25.0
0 1 0 0 0 1 1 0 3 32.0
0 1 0 0 0 1 1 0 4 14.0
0 1 0 0 0 1 1 0 5 553.0
-1 -1 1 0 0 0 1 0 5 3.0
-1 -1 1 0 0 0 1 0 4 14.0
1 1 0 0 0 1 0 0 4 9.0
1 0 0 1 1 0 0 0 2 54.0
1 0 0 1 1 0 0 0 4 99.0
1 0 0 1 1 0 0 0 5 13
0 1 1 0 0 0 1 1 4 1.0
1 1 0 1 0 1 0 1 5 3.0
1 1 0 1 1 1 1 0 3 1
0 0 1 1 0 1 0 0 4 4.0
0 1 -1 -1 0 0 1 1 3 1
1 1 1 0 0 0 0 0 2 27.0
1 1 1 0 0 0 0 0 3 7.0
1 1 1 0 0 0 0 0 4 18.0
1 1 1 0 0 0 0 0 5 5.0
0 1 -1 -1 1 0 1 0 2 10.0
0 1 -1 -1 1 0 1 0 3 1
0 1 -1 -1 1 0 1 0 5 4.0
1 1 1 0 0 1 1 1 3 1.0
1 1 1 0 0 1 1 1 2 2.0
1 1 1 0 0 1 1 1 5 2.0
0 1 0 1 1 1 1 0 5 10.0
1 0 1 0 0 1 -1 -1 2 5.0
1 0 0 0 0 1 -1 -1 3 27.0
1 0 0 0 0 1 -1 -1 2 34.0
0 1 0 1 1 0 0 0 5 212.0
1 1 0 1 0 1 0 0 3 96.0
1 0 0 0 0 1 -1 -1 5 9.0
1 0 0 0 0 1 -1 -1 4 15.0
0 1 0 1 1 1 1 1 4 325.0
0 1 0 0 1 1 1 0 3 4.0
1 0 0 1 0 0 0 0 2 34.0
0 1 0 0 1 1 1 0 5 30.0
0 1 0 0 1 1 1 0 4 2.0
1 0 0 1 0 0 0 0 5 1722.0
0 1 1 1 0 1 1 0 2 1.0
0 1 1 1 0 1 1 0 3 30.0
0 1 1 1 0 1 1 0 4 8.0
0 1 1 1 0 1 1 0 5 38.0
1 1 0 1 0 1 0 0 4 61.0
-1 -1 0 1 0 1 0 1 2 7.0
0 1 0 1 0 0 0 0 2 9856.0
0 1 0 1 1 1 1 1 3 6.0
-1 -1 0 0 0 0 1 0 2 36.0
1 0 0 0 0 1 0 1 4 325.0
0 1 1 0 0 0 1 1 3 11.0
0 1 0 0 1 0 1 0 4 9
0 1 0 1 0 0 0 0 4 1734.0
0 0 -1 -1 0 1 -1 -1 4 441.0
0 0 1 0 0 0 0 1 3 3.0
1 1 0 1 1 1 0 0 3 1.0
0 0 0 1 1 1 0 1 2 47.0
0 0 0 0 0 1 -1 -1 2 136.0
1 1 0 1 0 0 0 0 4 139.0
-1 -1 0 1 0 1 0 1 3 2.0
1 1 0 1 0 1 0 0 2 194.0
0 0 1 0 0 1 0 1 3 1.0
-1 -1 0 0 0 0 1 0 3 5.0
0 1 1 0 0 1 -1 -1 2 26.0
0 1 1 0 0 1 -1 -1 3 6.0
1 0 0 0 0 0 0 1 3 44.0
1 0 0 0 0 0 0 1 2 109.0
1 0 0 0 0 0 0 1 5 204.0
1 0 0 0 0 0 0 1 4 65.0
0 1 1 0 0 1 -1 -1 4 22.0
0 0 1 1 0 1 0 0 5 4.0
0 0 1 0 0 0 0 1 2 18.0
1 1 0 1 0 1 1 1 3 5.0
1 1 0 1 0 1 1 1 2 29.0
1 1 0 1 0 1 1 1 5 4.0
1 1 0 1 0 1 1 1 4 2.0
0 0 0 0 0 1 -1 -1 3 171.0
0 0 -1 -1 1 0 -1 -1 4 19.0
0 0 -1 -1 1 0 -1 -1 5 10.0
0 1 0 1 0 0 1 1 4 166.0
0 0 -1 -1 1 0 -1 -1 2 11.0
0 1 1 0 0 0 1 0 5 1.0
1 1 1 1 0 1 1 0 5 6
0 0 -1 -1 1 1 0 0 3 2
0 0 -1 -1 1 1 0 0 2 40
0 1 1 1 1 1 1 1 3 4.0
0 0 -1 -1 1 1 0 0 5 2
0 0 -1 -1 1 1 0 0 4 53
1 0 0 0 1 0 0 0 3 5.0
1 0 0 0 1 0 0 0 2 79.0
1 0 0 0 1 0 0 0 5 2.0
1 0 0 0 1 0 0 0 4 3.0
0 1 -1 -1 0 1 1 1 2 1
0 0 -1 -1 1 1 -1 -1 5 1.0
0 0 -1 -1 1 1 -1 -1 4 2.0
0 0 0 1 0 0 0 0 2 862.0
0 0 0 1 0 0 0 0 3 1376.0
0 0 0 1 0 0 0 0 4 600.0
0 0 0 1 0 0 0 0 5 3907.0
0 0 -1 -1 1 1 -1 -1 3 2.0
0 0 -1 -1 1 1 -1 -1 2 14.0
-1 -1 0 1 1 1 0 0 2 46.0
-1 -1 0 1 1 1 0 0 3 9.0
-1 -1 0 1 1 1 0 0 4 8.0
-1 -1 0 1 1 1 0 0 5 7.0
1 1 0 1 1 0 0 1 2 117.0
-1 -1 0 0 1 1 1 1 3 5.0
-1 -1 0 0 1 1 1 1 2 22.0
0 1 0 1 1 1 0 1 2 1307.0
1 1 0 1 1 0 0 1 3 1.0
0 1 0 1 1 1 0 1 5 1.0
-1 -1 0 0 1 1 1 1 5 6.0
-1 -1 0 0 1 1 1 1 4 5.0
0 1 0 0 1 0 -1 -1 3 5.0
0 1 0 0 1 0 -1 -1 2 25.0
1 0 1 0 0 1 0 0 2 5.0
1 0 1 0 0 1 0 0 3 3.0
1 0 1 0 0 1 0 0 4 45.0
1 0 1 0 0 1 0 0 5 51.0
0 1 0 0 1 0 -1 -1 5 4.0
0 0 1 0 0 1 0 0 4 78.0
1 0 0 0 1 1 0 1 3 65.0
1 0 0 0 1 1 0 1 2 30.0
1 0 0 0 1 1 0 1 5 2.0
1 0 0 0 1 1 0 1 4 31.0
0 0 0 1 1 0 -1 -1 5 1
0 0 1 1 1 0 0 0 2 4.0
0 0 1 1 1 0 0 0 3 2.0
1 0 1 0 0 0 0 0 5 21.0
1 0 0 0 1 0 -1 -1 3 1.0
1 0 0 0 1 0 -1 -1 2 3.0
0 0 1 0 0 0 0 0 2 51.0
0 0 1 0 0 0 0 0 3 9.0
0 1 0 0 0 0 1 1 4 86.0
0 0 1 0 0 0 0 0 5 17.0
0 1 0 0 0 0 -1 -1 4 5.0
0 1 0 0 0 0 -1 -1 5 5.0
0 0 1 1 0 1 -1 -1 2 9.0
0 0 1 1 0 1 -1 -1 3 62.0
1 1 0 0 0 0 1 0 2 1.0
1 1 0 0 0 0 1 0 3 2.0
1 1 0 0 0 0 1 0 4 31.0
1 1 0 0 0 0 1 0 5 2.0
0 0 1 1 0 1 -1 -1 4 43.0
0 0 1 1 0 1 -1 -1 5 291.0
-1 -1 0 0 0 1 0 0 2 140.0
1 1 0 1 1 1 0 1 3 1.0
1 1 0 1 1 1 0 1 2 1.0
1 1 0 1 1 1 0 1 5 2.0
0 0 0 1 1 1 1 0 5 15.0
0 0 1 1 0 0 1 1 3 1.0
1 1 0 0 0 1 1 1 2 21
-1 -1 0 0 0 0 1 0 4 2.0
0 1 0 1 1 0 0 0 2 3.0
0 1 1 0 0 1 1 0 3 8.0
0 1 1 0 0 1 1 0 2 68.0
0 1 1 0 0 1 1 0 5 8.0
0 1 1 0 0 1 1 0 4 10.0
0 0 0 0 1 1 -1 -1 3 36.0
0 0 0 0 1 1 -1 -1 2 71.0
0 0 1 1 0 1 0 1 3 1
0 0 0 0 1 1 -1 -1 5 3.0
0 0 0 0 1 1 -1 -1 4 13.0
1 0 0 1 0 0 0 1 2 4913.0
0 1 1 1 0 0 1 0 3 2.0
0 1 1 1 0 0 1 0 2 13.0
1 1 0 1 0 1 0 1 4 31.0
1 1 0 0 0 1 0 0 5 3.0
0 0 1 1 0 0 1 1 2 41.0
1 1 0 0 0 1 1 1 3 2
0 0 -1 -1 1 0 1 1 2 37.0
0 0 -1 -1 1 0 1 1 3 8
-1 -1 0 0 0 0 1 0 5 1.0
1 1 1 0 0 0 1 0 2 3
0 0 -1 -1 1 0 1 1 4 8
0 1 1 1 0 1 0 0 4 72.0
1 0 0 0 0 1 0 1 2 1172.0
1 0 0 0 0 1 0 1 3 2517.0
0 1 0 1 0 0 0 0 5 483.0
1 0 0 0 0 1 0 1 5 334.0
0 1 0 0 1 0 0 0 3 93.0
0 0 0 0 0 1 -1 -1 5 211.0
0 1 0 0 1 0 0 0 5 41.0
0 1 0 0 1 0 0 0 4 54.0
1 0 0 1 0 0 0 1 3 22.0
-1 -1 0 0 0 1 0 1 3 10.0
-1 -1 0 0 0 1 0 1 2 119.0
0 0 1 1 0 0 1 1 5 1.0
1 1 0 0 0 1 1 1 4 2
-1 -1 0 0 0 1 0 1 5 7.0
-1 -1 0 0 0 1 0 1 4 7.0
0 1 1 0 0 0 0 0 3 115.0
0 1 1 0 0 0 0 0 2 16.0
0 1 1 0 0 0 0 0 5 29.0
0 1 1 0 0 0 0 0 4 29.0
0 0 0 1 1 1 0 0 3 11.0
1 1 0 0 0 1 0 0 2 362.0
