-1 -1 0 0 1 1 0 1 2 0.137269056958
-1 -1 0 0 1 1 0 1 3 0.0
1 1 0 0 0 1 1 1 5 0.0
1 1 1 0 0 1 0 1 3 0.0
-1 -1 0 0 1 1 0 1 4 0.0
-1 -1 0 0 1 1 0 1 5 0.0663234268626
0 0 -1 -1 1 0 0 1 3 0.0
0 0 -1 -1 1 0 0 1 2 11.1204222485
0 0 -1 -1 1 0 0 1 5 0.0
0 0 -1 -1 1 0 0 1 4 0.0
1 0 0 1 0 0 0 1 5 6.19702632451
0 1 0 1 0 0 0 1 2 -80.084227398
0 1 0 1 0 0 0 1 3 -80.2499794115
-1 -1 0 1 1 1 1 0 5 0.0
0 0 0 1 1 0 -1 -1 3 0.0
0 1 0 0 1 0 0 0 2 17.8782293538
0 1 0 1 0 0 0 1 5 -73.2057004355
1 1 1 0 0 1 0 1 5 0.0
0 1 1 1 1 0 1 0 2 0.132555944077
0 1 1 1 1 0 1 0 3 4.51541211483
0 1 1 1 1 0 1 0 4 0.144507854755
0 1 1 1 1 0 1 0 5 0.144791299717
0 1 1 0 1 1 -1 -1 2 9.78586387746
-1 -1 1 0 0 1 0 0 3 0.618759140083
-1 -1 1 0 0 1 0 0 2 6.16376678269
-1 -1 1 0 0 1 0 0 5 0.0
0 1 1 1 -1 -1 0 0 5 0.0
0 0 1 0 0 1 0 0 5 9.50185381903
1 1 0 0 0 1 0 0 3 29.4207810114
0 1 0 0 -1 -1 1 0 3 38.3229109704
0 1 0 0 -1 -1 1 0 2 4.1860243439
0 1 0 0 -1 -1 1 0 4 0.0
0 1 1 1 0 1 0 0 5 15.9360158689
0 1 1 0 1 1 -1 -1 4 0.0
0 0 -1 -1 0 0 0 0 3 23.4435437599
0 0 -1 -1 0 0 0 0 2 0.344830141338
0 0 0 0 1 0 1 0 3 0.145508153658
0 0 0 0 1 0 1 0 2 25.3963599555
0 0 0 0 1 0 1 0 5 0.13937208534
0 0 0 0 1 0 1 0 4 0.0
0 0 -1 -1 0 0 0 0 5 9.0416085449
0 0 0 0 0 0 -1 -1 4 0.342209398265
-1 -1 1 1 0 0 0 0 2 0.0
0 0 -1 -1 0 1 1 0 2 0.8019
0 0 -1 -1 0 0 0 0 4 0.0
-1 -1 1 1 0 0 0 0 5 7.13569676534
-1 -1 0 0 0 1 1 1 2 0.00502758128385
0 1 -1 -1 0 1 0 1 3 0.0
0 0 -1 -1 0 0 1 0 3 0.0
1 1 1 1 0 1 0 0 2 29.4538315249
1 1 1 1 0 1 0 0 3 15.9518928276
1 0 -1 -1 0 0 -1 -1 4 178.245153613
1 0 -1 -1 0 0 -1 -1 5 0.0
0 0 0 1 1 0 1 1 3 7.75887975211
0 0 0 1 1 0 1 1 2 4.03856619797
0 0 0 1 1 0 1 1 5 0.0
0 0 0 1 1 0 1 1 4 34.5055720916
1 0 -1 -1 0 0 -1 -1 2 36.761285901
1 0 -1 -1 0 0 -1 -1 3 0.0
0 1 0 1 0 1 1 0 3 6.65249957864
0 1 0 1 0 1 1 0 2 0.111192193437
0 1 0 1 0 1 1 0 5 47.8497382464
0 1 0 1 0 1 1 0 4 6.96167487913
0 0 0 0 1 0 0 0 5 23.0201776651
0 0 0 1 0 1 1 0 2 0.0
0 1 0 1 1 0 1 0 2 29.1556531706
0 0 0 1 0 1 1 0 4 25.9656479945
0 0 0 1 0 1 1 0 5 0.564823692356
10 N 2 35.0758546341
0 0 0 0 1 1 0 0 3 8.57397032604
0 0 0 0 1 1 0 0 2 1.39412147885
0 0 0 0 0 0 0 1 4 -74.0762913674
0 0 0 0 0 0 0 1 5 14.8081584519
10 N 5 15.5022297889
0 1 0 0 1 1 1 1 5 11.8426243649
0 1 1 1 1 0 1 1 5 0.0
0 1 0 0 0 1 0 1 2 28.4288695008
1 1 0 0 1 0 0 0 3 0.0
0 1 0 0 0 1 0 1 4 -84.7416426238
0 1 0 0 0 1 0 1 5 -87.3993220398
0 0 0 0 0 1 0 1 3 -66.2151963318
0 0 0 0 0 1 0 1 2 -76.7103536365
0 0 0 0 0 1 0 1 5 -82.8701829272
0 0 0 0 0 1 0 1 4 9.0805530138
0 0 -1 -1 0 0 1 1 2 26.0122842899
1 1 -1 -1 1 0 0 0 2 3.39956745182
1 0 -1 -1 1 0 0 0 2 0.0
0 0 1 0 0 1 0 0 3 13.208304998
1 0 -1 -1 1 0 0 0 5 0.0
1 1 -1 -1 1 0 0 0 5 0.0
0 1 0 0 0 0 -1 -1 2 0.0
1 0 0 1 1 1 0 1 2 25.0587731531
1 0 0 1 1 1 0 1 3 27.4132454678
0 0 0 0 0 0 1 1 5 0.0
0 0 0 0 0 0 1 1 4 0.0
0 1 1 0 -1 -1 0 0 3 8.019
0 1 1 0 -1 -1 0 0 2 0.0
0 1 0 0 0 0 0 0 2 -75.4736089792
0 1 0 0 0 0 0 0 3 -77.9295014326
0 1 0 0 0 0 0 0 4 26.5984358848
0 1 0 0 0 0 0 0 5 -84.4516353558
-1 -1 0 1 1 0 0 0 5 16.6107539904
-1 -1 0 1 1 0 0 0 4 0.0
0 1 0 0 0 0 -1 -1 3 7.76809315263
1 1 1 0 0 1 0 0 3 0.0
1 1 1 0 0 1 0 0 2 30.3749841565
1 1 1 0 0 1 0 0 5 0.0
1 1 1 0 0 1 0 0 4 9.12203898773
0 1 0 0 0 1 1 1 3 26.5838866222
0 1 0 0 0 1 1 1 2 9.288319711
0 1 0 0 0 1 1 1 5 1.14895710963
0 1 0 0 0 1 1 1 4 6.04402377907
1 1 0 1 1 1 1 0 2 17.4389402063
-1 -1 0 0 1 0 0 0 2 28.4588611913
-1 -1 0 0 1 0 0 0 3 0.0
1 0 0 1 1 0 0 1 3 9.70603623774
1 0 0 1 1 0 0 1 2 5.51392278765
1 0 0 1 1 0 0 1 5 11.4066238609
1 0 0 1 1 0 0 1 4 27.0748147705
-1 -1 0 0 -1 -1 1 0 2 0.0
-1 -1 0 0 -1 -1 1 0 3 0.0
0 1 1 0 0 0 1 0 2 23.6690662469
1 1 0 1 0 1 1 0 5 0.0
0 1 0 0 1 0 1 0 3 2.44323117099
1 1 1 0 0 0 0 1 3 22.9205909527
1 1 1 0 0 0 0 1 2 16.1408107795
1 1 1 0 0 0 0 1 5 25.5606228098
1 1 1 0 0 0 0 1 4 5.42359769292
1 0 0 0 0 1 1 0 2 0.0
0 0 1 1 0 1 0 1 2 25.3418395722
1 0 0 0 0 1 1 0 4 0.0
1 0 0 0 0 1 1 0 5 18.8997748459
0 0 1 0 0 1 -1 -1 3 8.61642403821
0 0 1 0 0 1 -1 -1 2 14.9592597974
0 0 1 0 0 1 -1 -1 5 9.26247435181
0 0 1 0 0 1 -1 -1 4 1.98663975885
1 0 1 1 1 1 0 0 2 0.0
0 1 0 0 1 1 1 0 2 0.0
1 1 0 1 0 1 1 0 2 44.8454449541
0 1 1 1 0 1 1 1 3 23.82848082
0 1 1 1 0 1 1 1 2 13.5887341578
0 1 1 1 0 1 1 1 5 13.1339033511
0 1 1 1 0 1 1 1 4 13.6187195498
0 1 -1 -1 0 0 1 1 5 0.0
0 0 -1 -1 1 1 1 0 2 3.15333085464
0 0 -1 -1 1 1 1 0 3 24.2623375453
1 0 1 1 0 1 0 1 2 9.18596803326
1 0 1 1 0 1 0 1 3 12.402463898
1 0 1 1 0 1 0 1 4 9.20545216289
1 0 1 1 0 1 0 1 5 34.4827144611
0 0 -1 -1 1 1 1 0 4 0.0
0 0 -1 -1 1 1 1 0 5 5.41945462565
1 1 0 1 0 1 1 0 3 0.0
0 0 1 1 -1 -1 0 0 3 17.1162546535
0 0 1 1 -1 -1 0 0 2 0.0
0 0 0 1 1 1 1 1 2 12.787434979
0 0 0 1 1 1 1 1 3 0.584164107251
0 0 0 1 1 1 1 1 4 0.0
0 0 0 1 1 1 1 1 5 0.0
0 0 1 1 -1 -1 0 0 5 0.0
0 0 1 1 -1 -1 0 0 4 0.0
1 0 1 1 1 0 0 1 2 0.0
0 1 -1 -1 0 0 0 0 2 -69.2819443458
0 1 -1 -1 0 0 0 0 3 0.0
1 0 1 1 0 0 0 1 3 0.806941604241
1 0 1 1 0 0 0 1 2 14.5248362729
1 0 1 1 0 0 0 1 5 4.19378980485
1 0 1 1 0 0 0 1 4 17.8591748884
0 1 -1 -1 0 0 0 0 4 25.8968445992
0 1 -1 -1 0 0 0 0 5 35.0263236015
0 1 0 1 1 1 0 0 3 10.6474397848
0 1 0 1 1 1 0 0 2 0.310284112314
0 1 0 1 1 1 0 0 5 8.90130402946
0 1 0 1 1 1 0 0 4 12.8562649279
1 0 1 1 0 1 1 1 2 6.92121534873
0 1 1 1 -1 -1 0 0 2 0.0
0 0 0 1 1 0 0 1 2 4.8278819277
0 0 0 1 1 0 0 1 3 9.27725918425
0 0 0 1 1 0 0 1 4 6.45835934315
0 0 0 1 1 0 0 1 5 26.0925406093
0 1 1 1 -1 -1 0 0 3 0.0
0 0 1 1 0 1 1 1 2 0.0
0 0 1 1 0 1 1 1 3 50.4870805725
0 0 1 1 0 1 1 1 4 21.5636468116
0 0 1 1 0 1 1 1 5 0.0
0 0 0 1 0 0 0 1 3 -79.9484032394
0 0 0 1 0 0 0 1 2 35.6180797457
0 0 0 1 0 0 0 1 5 -84.16256642
0 0 0 1 0 0 0 1 4 -82.2415729011
1 0 0 1 1 1 0 1 5 20.245894732
0 0 0 1 0 1 0 1 2 -61.5161436078
0 0 0 1 0 1 0 1 3 -74.6173269642
0 0 0 1 0 1 0 1 4 22.3747688584
0 0 0 1 0 1 0 1 5 -82.3032760115
0 0 0 0 0 1 1 0 3 34.0769751333
-1 -1 0 1 0 1 0 0 3 2.16937987765
-1 -1 0 1 0 1 0 0 2 0.317319284263
1 1 1 1 0 0 1 0 2 0.110404127238
1 1 1 1 0 0 1 0 3 0.0
-1 -1 0 1 0 1 0 0 5 0.986271878039
-1 -1 0 1 0 1 0 0 4 1.02245950507
0 0 -1 -1 0 1 0 0 2 -65.2068955913
0 0 -1 -1 0 1 0 0 3 -60.1026028918
0 0 0 1 0 1 0 0 3 38.9787184578
0 0 -1 -1 0 1 0 0 4 2.9247147863
0 0 -1 -1 0 1 0 0 5 23.2936065622
0 0 0 1 1 0 -1 -1 4 0.0
0 0 1 1 0 0 0 1 2 0.278715103221
0 0 1 1 0 0 0 1 3 26.3664980665
0 0 0 0 0 1 1 1 4 2.98927744866
0 0 0 0 0 1 1 1 5 2.17871446997
0 0 0 0 -1 -1 0 1 2 0.0
0 0 0 0 -1 -1 0 1 3 0.0
0 1 -1 -1 1 0 0 0 5 0.0
0 0 0 0 -1 -1 0 1 4 0.0
0 0 0 0 -1 -1 0 1 5 0.0
0 1 1 0 0 1 0 0 2 0.0
0 1 1 0 0 1 0 0 3 0.0
0 1 1 0 0 1 0 0 4 16.9349590027
0 1 1 0 0 1 0 0 5 37.2120821779
0 1 0 0 0 0 1 0 3 9.63659621306
0 1 0 0 0 0 1 0 2 31.237666271
0 1 0 0 0 0 1 0 5 7.87656427883
0 1 0 0 0 0 1 0 4 8.71156474516
1 1 0 0 0 0 1 1 2 0.0630883655335
1 1 0 0 0 0 1 1 5 0.0
1 1 0 0 0 0 1 1 4 0.0
1 1 0 0 1 1 1 0 2 24.068110154
0 1 1 1 1 0 1 1 2 0.0
1 1 0 0 1 1 1 0 5 0.0
0 1 0 0 1 1 0 0 2 5.93786905071
0 1 0 0 1 1 0 0 3 5.90941733346
0 1 0 0 1 1 0 0 4 5.34356704592
0 1 0 0 1 1 0 0 5 20.9799772788
1 0 0 1 0 1 1 1 2 24.0189458335
0 0 -1 -1 1 0 1 0 3 2.75134054779
0 0 -1 -1 1 0 1 0 2 0.0
0 0 0 0 0 1 0 0 2 -74.2558333538
0 0 -1 -1 1 0 1 0 5 4.72057417401
0 0 -1 -1 1 0 1 0 4 2.85841078959
1 0 0 0 0 1 0 0 3 -47.2145124658
1 0 0 0 0 1 0 0 2 -53.5206932027
1 0 0 0 0 1 0 0 5 -47.8849302473
1 0 0 0 0 1 0 0 4 18.1129646599
0 0 0 1 1 0 -1 -1 2 21.8969517831
0 0 0 1 0 0 -1 -1 2 6.65053829737
0 0 0 1 0 0 -1 -1 3 3.41139178681
0 0 0 0 0 1 0 0 3 25.6317059048
0 1 0 0 1 1 1 1 4 11.960082751
0 0 0 1 0 0 -1 -1 4 16.4541180329
0 0 0 1 0 0 -1 -1 5 26.3933527487
1 1 0 1 0 0 -1 -1 2 20.377748858
0 1 1 1 1 0 1 1 3 0.0
1 0 0 0 0 1 1 0 3 0.0
1 1 0 0 0 1 0 1 3 4.18858570508
1 1 0 0 0 1 0 1 2 0.0
1 1 0 0 0 1 0 1 5 3.43930138604
1 1 0 0 0 1 0 1 4 24.2137465273
0 0 0 1 0 1 0 0 5 -89.0716313599
0 0 -1 -1 0 1 -1 -1 5 9.39520045668
0 1 1 1 1 1 1 1 2 6.79803101629
0 0 0 0 0 1 1 0 2 0.0198824102899
0 1 1 1 1 1 1 1 4 0.0
0 1 1 1 1 1 1 1 5 0.0
0 0 -1 -1 0 1 -1 -1 2 1.42235936259
0 0 -1 -1 0 1 -1 -1 3 1.42787104816
0 0 1 1 0 0 0 0 5 3.15098032118
0 0 0 0 0 1 1 0 4 0.156091012748
1 1 0 1 0 1 0 0 5 22.0622637557
0 0 0 0 1 1 1 0 2 21.7837134537
1 0 0 1 0 0 1 0 3 0.0
0 0 0 1 -1 -1 0 0 2 18.3043452921
1 0 1 1 0 0 0 0 2 14.093246538
0 0 0 0 0 1 0 0 5 -61.3574389274
0 0 0 0 0 0 -1 -1 3 0.0
1 0 1 1 0 0 0 0 3 0.0
0 0 0 0 0 0 -1 -1 2 0.0
-1 -1 1 1 0 0 1 0 2 0.0
-1 -1 1 1 0 0 1 0 3 0.0
-1 -1 1 1 0 0 1 0 4 0.0
-1 -1 1 1 0 0 1 0 5 0.0
1 0 0 1 1 1 -1 -1 3 0.0
1 0 0 1 1 1 -1 -1 2 24.0854931738
1 0 0 1 1 1 -1 -1 5 0.0
-1 -1 0 0 1 1 0 0 3 0.0
-1 -1 0 0 1 1 0 0 2 9.73945176049
0 1 1 0 0 1 -1 -1 5 3.81805193471
0 1 1 1 0 0 1 0 5 0.0
-1 -1 0 0 1 1 0 0 5 0.0
-1 -1 0 0 1 1 0 0 4 0.0
0 0 -1 -1 0 0 1 0 2 0.0
0 0 0 1 -1 -1 0 0 3 0.0
0 0 0 0 1 0 0 0 2 17.7017704318
0 0 0 0 1 0 0 0 3 7.44629191429
0 0 0 0 1 0 0 0 4 16.2959963401
0 0 0 0 0 0 -1 -1 5 26.0745944917
0 0 0 1 -1 -1 0 0 4 0.0
0 0 0 1 -1 -1 0 0 5 14.5505498739
0 1 0 1 0 1 0 0 2 30.477829035
0 1 0 1 0 1 0 0 3 -77.9714755623
0 1 0 1 0 1 0 0 4 -84.9381376899
0 1 0 1 0 1 0 0 5 -77.9416622502
-1 -1 0 1 -1 -1 0 0 4 0.0
-1 -1 0 1 -1 -1 0 0 5 0.0
-1 -1 0 1 -1 -1 0 0 2 0.852480466255
-1 -1 0 1 -1 -1 0 0 3 8.019
0 1 1 1 0 0 1 0 4 22.2798426039
0 0 0 1 0 1 1 1 2 7.8756034787
0 0 0 1 0 1 1 1 4 0.0
-1 -1 1 0 0 0 0 0 2 0.0
-1 -1 1 0 0 0 0 0 3 0.0
0 0 0 1 0 0 1 1 2 7.0397587572
0 0 0 1 0 0 1 1 3 20.4826996371
0 0 0 1 0 0 1 1 4 0.0
0 0 0 1 0 0 1 1 5 0.0
-1 -1 1 0 0 0 0 0 4 0.0
-1 -1 1 0 0 0 0 0 5 0.0
0 1 0 1 -1 -1 0 1 2 0.0
1 1 1 0 0 1 1 0 3 0.0
0 1 0 1 -1 -1 0 1 3 0.0
1 0 1 1 1 0 0 0 3 0.0
1 0 1 1 1 0 0 0 2 0.0
1 0 1 1 1 0 0 0 5 13.22482968
1 0 1 1 1 0 0 0 4 0.0
0 1 -1 -1 0 1 0 1 2 9.8919
0 1 1 0 1 0 0 0 2 0.0
0 1 1 1 0 0 0 0 2 0.0
0 1 1 1 0 0 0 0 3 8.93189872256
0 1 1 1 0 0 0 0 4 0.0
0 1 1 1 0 0 0 0 5 29.1736446211
1 0 0 1 0 0 1 0 2 1.13101153581
1 1 1 1 0 0 0 1 2 12.1179364478
1 1 1 1 0 0 0 1 3 27.2118625135
1 1 1 1 0 0 0 1 4 11.5228826182
1 1 1 1 0 0 0 1 5 16.0857520652
0 1 0 1 0 0 -1 -1 3 13.5057328505
0 1 0 1 0 0 -1 -1 2 13.5263992097
0 0 0 0 0 0 0 0 3 26.636603166
0 0 0 0 0 0 0 0 2 -74.6880736281
0 0 0 0 0 0 0 0 5 -67.2760145337
0 0 0 0 0 0 0 0 4 -78.0497762199
0 1 0 1 0 0 -1 -1 5 28.412517797
0 1 0 1 0 0 -1 -1 4 2.28839243395
-1 -1 0 1 0 0 1 0 3 0.0
-1 -1 0 1 0 0 1 0 2 8.0201892877
-1 -1 0 1 0 0 1 0 5 0.0
-1 -1 0 1 0 0 1 0 4 0.0
1 0 -1 -1 1 1 0 0 2 0.0
1 0 -1 -1 1 1 0 0 3 0.0
1 1 0 0 0 0 0 1 2 4.56967567124
1 1 0 0 0 0 0 1 3 28.3427819043
1 1 0 0 0 0 0 1 4 11.2943759357
1 1 0 0 0 0 0 1 5 18.2766814238
0 1 -1 -1 0 1 0 0 3 0.0
0 1 -1 -1 0 1 0 0 2 33.6180281779
-1 -1 0 0 0 1 1 0 5 0.0
0 1 -1 -1 0 1 0 0 4 0.0
1 1 0 0 1 0 0 1 3 31.0727793581
0 1 0 0 0 1 0 0 2 17.068320417
0 1 0 0 0 1 0 0 5 -84.1388801404
1 1 0 0 1 0 0 1 4 12.8941846672
1 0 0 1 0 1 0 1 3 0.703719529715
1 0 0 1 0 1 0 1 2 -31.0857513246
1 0 0 1 0 1 0 1 5 43.1564615704
1 0 0 1 0 1 0 1 4 0.701643614054
-1 -1 0 0 0 1 1 0 3 0.0
1 0 0 1 0 0 1 0 4 0.0
1 0 1 0 0 1 0 1 2 0.841312905625
0 0 1 1 0 0 0 0 3 12.4871013445
-1 -1 0 0 0 1 1 0 2 0.0
1 1 0 0 1 1 0 1 2 6.26651555926
1 1 0 0 1 1 0 1 3 1.70206668422
1 1 0 0 1 1 0 1 4 31.0283364769
1 1 0 0 1 1 0 1 5 0.0
1 1 1 0 0 1 1 0 5 5.83303589149
1 0 0 1 1 1 0 0 3 23.554674036
1 0 0 1 1 1 0 0 2 9.4522660136
1 0 0 1 1 1 0 0 5 0.778942993411
1 0 0 1 1 1 0 0 4 0.0
0 1 -1 -1 1 0 1 1 2 13.0523269581
0 0 1 0 0 1 1 0 2 0.0
0 0 1 0 0 1 1 0 3 2.02812908479
0 0 1 0 0 1 1 0 4 7.00504927984
0 0 1 0 0 1 1 0 5 0.0
0 0 1 1 0 1 0 1 4 24.3287868312
1 0 0 1 0 0 1 0 5 0.0
0 1 0 0 0 0 0 1 3 -86.745130548
0 1 0 0 0 0 0 1 2 -89.1293313626
0 1 0 0 0 0 0 1 5 12.2089021397
0 1 0 0 0 0 0 1 4 -76.8616779702
0 1 1 1 1 0 0 1 2 0.0
-1 -1 0 0 0 1 1 0 4 0.0
0 0 1 1 1 1 0 0 4 0.0
1 0 1 1 0 0 0 0 4 0.0
-1 -1 0 0 1 0 0 1 2 0.0
0 1 0 0 0 1 0 0 3 -88.9566175163
-1 -1 0 0 1 0 0 1 5 0.721054253983
1 0 0 0 1 1 -1 -1 2 0.0
1 0 0 0 1 1 -1 -1 3 0.0
1 0 0 0 1 1 1 1 2 13.85802681
1 1 0 0 1 0 0 1 2 14.5453184562
1 0 0 0 1 1 -1 -1 4 24.8458664931
0 1 0 0 0 1 -1 -1 4 22.8295050745
1 1 0 0 1 0 0 1 5 15.8305950943
0 1 0 0 0 1 0 0 4 -90.7372858484
0 0 0 1 0 1 -1 -1 3 -57.8729308131
0 0 0 1 0 1 -1 -1 2 6.75365305167
1 0 1 1 0 0 0 0 5 11.2190279482
0 0 0 1 0 1 -1 -1 5 0.824123638257
0 0 0 1 0 1 -1 -1 4 4.93702177296
0 0 0 0 0 1 1 1 2 4.53663572439
0 1 0 0 -1 -1 0 0 2 0.0
0 1 0 0 -1 -1 0 0 3 0.764835944799
1 1 0 1 1 0 0 0 3 6.96959855586
1 1 0 1 1 0 0 0 2 3.8132585613
1 1 0 1 1 0 0 0 5 1.91945419265
1 1 0 1 1 0 0 0 4 29.5132131847
0 1 0 0 -1 -1 0 0 4 7.3923599224
0 1 0 0 -1 -1 0 0 5 7.19455715893
1 0 1 0 0 1 -1 -1 5 16.7316993278
0 0 1 1 0 0 0 1 4 1.01461875105
1 1 0 1 0 0 0 1 3 0.0
0 1 1 1 1 0 0 0 4 1.94487626786
-1 -1 0 0 -1 -1 0 0 5 0.0
1 1 0 1 0 0 0 1 2 0.408285072213
0 1 -1 -1 0 0 1 1 2 0.0
1 1 0 1 0 0 0 1 5 26.6066210237
0 1 0 1 1 1 1 0 2 8.06506867859
0 1 0 1 1 1 1 0 3 33.4091949301
0 1 0 1 1 1 1 0 4 1.7911717708
0 1 0 1 1 0 1 0 3 0.712861757679
1 1 0 1 0 0 0 1 4 1.96913202733
0 0 -1 -1 0 0 1 0 4 26.0721709102
1 0 -1 -1 0 0 0 0 2 15.3958797648
0 0 0 1 0 1 1 0 3 6.05266095186
1 0 -1 -1 0 0 0 0 3 7.73418990321
0 1 0 1 1 0 1 0 5 0.0
0 1 0 1 1 0 1 0 4 0.0
1 0 1 1 0 1 0 0 3 31.0514752583
1 0 1 1 0 1 0 0 2 3.63561076474
1 0 1 1 0 1 0 0 5 0.0
1 0 1 1 0 1 0 0 4 6.02640035944
0 0 -1 -1 0 0 1 0 5 11.9112973452
-1 -1 0 0 0 0 0 0 3 9.21192310782
-1 -1 0 0 0 0 0 0 2 -90.0
0 0 0 1 1 1 1 0 3 5.99432761069
0 0 0 1 1 1 1 0 2 0.0
0 1 0 1 1 0 0 0 4 0.845651880876
0 0 0 1 1 1 1 0 4 9.88383102534
-1 -1 0 0 0 0 0 0 5 0.0
-1 -1 0 0 0 0 0 0 4 0.0
1 0 -1 -1 0 0 0 0 5 6.84601593384
0 0 0 0 0 0 0 1 2 -73.7816307914
-1 -1 0 1 1 1 1 0 3 0.0
1 0 1 0 0 1 -1 -1 3 15.0859171116
0 0 0 0 0 0 0 1 3 0.684296078729
0 1 0 1 0 0 1 1 3 0.0
1 0 1 0 0 1 -1 -1 4 0.0
-1 -1 0 1 1 1 1 0 4 0.0
0 1 -1 -1 0 0 0 1 3 0.0
0 1 -1 -1 0 0 0 1 2 39.0116089648
-1 -1 1 0 0 1 0 0 4 5.80352648426
1 0 0 1 0 0 0 0 4 20.027807876
0 1 1 1 0 1 0 1 2 0.0
0 1 -1 -1 0 0 0 1 5 0.0
0 1 -1 -1 0 0 0 1 4 0.0
0 1 1 1 0 1 0 1 3 22.7072688389
0 1 1 1 0 1 0 1 4 12.1467085389
0 1 1 1 0 1 0 1 5 2.16732838901
0 1 0 1 0 0 1 0 2 0.0
0 1 0 1 0 0 1 0 3 32.8497853736
0 1 0 1 0 0 1 0 4 17.7184616014
0 1 0 1 0 0 1 0 5 2.15171222622
0 0 0 1 1 0 0 0 3 12.638385902
1 1 1 1 1 0 0 1 2 12.2849147992
0 0 0 1 1 0 0 0 5 0.0
0 0 0 1 1 0 0 0 4 0.0
0 0 1 1 0 1 1 0 3 2.81277072895
0 0 1 1 0 1 1 0 2 1.82522762017
0 0 1 1 0 1 1 0 5 11.675202168
0 0 1 1 0 1 1 0 4 6.93035858464
0 0 1 0 0 1 0 1 2 2.72140272018
0 1 0 0 1 0 1 0 2 21.0066627076
0 1 0 1 0 0 1 1 5 9.21119168078
0 0 -1 -1 1 0 -1 -1 3 10.7046212117
0 0 1 0 0 0 1 0 2 0.0
0 0 1 0 0 0 1 0 4 9.56814196774
0 0 1 0 0 0 0 1 5 4.70097723304
0 1 -1 -1 0 1 1 1 5 0.0
0 0 1 0 0 0 0 1 4 3.09957579243
1 1 1 0 0 1 1 0 2 0.0
0 0 0 1 0 1 0 0 2 -90.313491515
1 1 1 0 0 1 1 0 4 0.0
0 0 0 1 0 1 0 0 4 -89.5032345615
1 1 0 1 1 0 0 1 4 1.3179291886
-1 -1 1 0 -1 -1 0 0 4 0.0
-1 -1 1 0 -1 -1 0 0 5 0.0
1 1 0 0 1 1 1 1 2 12.2785509899
0 1 0 1 1 0 0 0 3 8.85876026376
0 1 1 0 0 1 0 1 3 3.91436175829
-1 -1 1 0 -1 -1 0 0 2 0.0
-1 -1 1 0 -1 -1 0 0 3 0.0
0 0 -1 -1 0 1 0 1 3 9.42629414823
0 0 -1 -1 0 1 0 1 2 9.09322094491
0 1 1 1 0 1 0 0 2 2.72918092523
1 0 0 1 0 0 0 1 4 0.0
1 0 0 1 0 0 0 0 3 0.0973776897876
0 0 -1 -1 0 1 0 1 5 12.9222181755
0 0 -1 -1 0 1 0 1 4 8.28619803947
1 0 0 1 0 1 -1 -1 2 27.0533179569
1 0 0 1 0 1 -1 -1 3 0.0
0 1 0 0 1 1 1 1 2 0.0
0 0 1 1 0 0 0 0 2 0.0
0 0 0 0 0 1 1 0 5 1.45616577452
0 0 1 1 0 0 0 0 4 2.19395186814
1 0 0 1 0 1 -1 -1 4 0.0
1 0 0 1 0 1 -1 -1 5 0.0
0 1 -1 -1 1 0 0 0 3 0.0
0 1 -1 -1 1 0 0 0 2 23.3513333052
1 1 0 1 1 0 0 1 5 29.7636123308
0 0 0 0 0 1 -1 -1 4 12.4222199149
0 1 -1 -1 1 0 0 0 4 0.0
1 0 0 0 0 0 -1 -1 2 0.0
1 0 0 0 0 0 -1 -1 3 0.0
0 0 -1 -1 0 0 1 1 4 23.6646467445
1 0 0 0 0 0 -1 -1 4 0.438505716882
1 0 0 0 0 0 -1 -1 5 4.05096364638
0 0 1 0 1 1 -1 -1 2 25.0399609857
0 1 0 0 1 0 1 1 2 0.0
0 1 0 0 1 0 1 1 5 5.75098893604
0 1 0 0 1 0 1 1 4 0.0
0 0 1 0 1 1 -1 -1 4 22.1237615358
0 0 1 0 1 1 -1 -1 5 0.0
0 0 1 1 1 1 0 0 2 0.0
0 0 1 1 1 1 0 0 5 0.0
-1 -1 0 1 0 1 0 1 4 0.0
0 1 0 0 1 0 -1 -1 4 0.0
1 1 1 1 0 1 1 0 3 0.0
1 1 1 1 0 1 1 0 2 0.0
0 1 0 0 1 1 0 1 3 29.1086257956
0 1 0 0 1 1 0 1 2 0.0
0 1 0 0 1 1 0 1 5 0.920026458378
0 1 0 0 1 1 0 1 4 6.10173242273
0 1 1 1 1 1 1 0 2 17.4743050001
1 0 1 0 1 1 -1 -1 2 16.2731485535
1 1 -1 -1 0 0 0 0 3 6.25205702437
1 1 -1 -1 0 0 0 0 2 16.7697409594
0 1 1 1 0 1 0 0 3 5.82253676705
0 1 1 0 0 1 0 1 2 3.092056138
0 1 1 0 0 1 0 1 5 6.7146563436
0 1 1 0 0 1 0 1 4 13.4507454989
1 1 -1 -1 0 0 0 0 5 0.0
1 1 -1 -1 0 0 0 0 4 0.0
0 0 -1 -1 0 0 -1 -1 5 0.967684481126
0 0 -1 -1 0 0 -1 -1 4 0.209272453349
0 1 0 0 0 1 0 1 3 -89.0219217378
0 0 -1 -1 0 0 -1 -1 3 8.89151171614
0 0 -1 -1 0 0 -1 -1 2 0.0
0 1 0 0 1 1 -1 -1 2 16.8609671265
0 1 0 0 1 1 -1 -1 3 0.0
1 0 0 0 1 0 0 1 2 19.2560481865
1 0 0 0 1 0 0 1 3 1.59290465462
1 1 0 0 1 0 0 0 5 22.5650241254
1 0 1 0 0 1 1 0 2 29.0738361119
0 1 0 0 1 1 -1 -1 5 0.0
1 0 1 0 0 0 0 1 2 10.1741490493
1 1 1 1 0 1 1 0 4 0.0
1 0 0 0 0 0 0 0 2 26.8972467155
1 0 0 0 0 0 0 0 3 5.82978775545
1 0 0 0 0 0 0 0 4 5.92257625807
1 0 0 0 0 0 0 0 5 5.92257625807
-1 -1 0 0 1 1 1 0 2 0.0
1 1 0 1 0 0 0 0 2 0.918633078544
-1 -1 0 0 1 1 1 0 5 0.0
1 1 0 1 0 0 0 0 3 2.37865783425
1 0 0 1 0 1 0 0 4 5.02444945053
1 0 0 0 1 1 0 0 2 2.02374209388
1 0 0 0 1 1 0 0 3 0.0
1 0 0 0 1 1 0 0 5 0.0
0 1 1 1 1 0 1 1 4 18.034438544
1 1 0 1 0 0 0 0 5 28.7815359213
0 0 -1 -1 0 1 1 1 2 10.3434789222
-1 -1 0 1 1 1 1 0 2 9.36178736476
0 0 -1 -1 0 1 1 1 5 0.0
0 0 0 0 1 1 1 1 3 0.0
0 0 0 0 1 1 1 1 2 4.93193962417
-1 -1 0 1 0 0 0 0 2 5.18912458187
-1 -1 0 1 0 0 0 0 3 0.909836062004
0 0 0 1 0 0 1 0 3 7.32907159687
0 0 0 1 0 0 1 0 2 24.2610085317
0 0 0 1 0 0 1 0 5 0.0
0 0 0 1 0 0 1 0 4 0.0
-1 -1 0 1 0 0 0 0 4 -74.5936398388
-1 -1 0 1 0 0 0 0 5 5.21921993205
1 1 0 1 1 1 0 0 2 2.51478903842
1 0 1 1 0 0 1 0 2 0.0
1 1 0 1 1 1 0 0 4 26.1780938788
1 0 1 1 0 0 1 0 4 0.0
-1 -1 0 1 0 1 1 0 2 0.0
-1 -1 0 1 0 1 1 0 3 8.5352922849
0 0 0 0 1 1 0 1 3 8.68061617938
-1 -1 0 1 0 1 1 0 5 0.892748660716
0 1 1 0 0 1 1 1 2 26.9993164102
0 1 1 0 0 1 1 1 3 0.0
0 1 1 0 0 1 1 1 4 0.0
0 1 1 0 0 1 1 1 5 20.1366720736
0 1 0 1 0 1 0 1 3 -80.0552730201
0 1 0 1 0 1 0 1 2 -79.7443919263
0 1 0 1 0 1 0 1 5 48.4522588264
0 1 0 1 0 1 0 1 4 -83.6503466989
0 1 1 1 1 1 1 0 5 0.0
0 1 1 1 0 0 1 1 2 0.0
0 1 1 1 0 0 1 1 3 0.0
0 1 1 1 0 0 1 1 4 14.5459090493
0 1 1 1 0 0 1 1 5 3.0777830078
0 0 0 1 1 1 -1 -1 2 0.0
0 0 0 1 1 1 -1 -1 3 14.8903082543
0 0 1 1 1 0 1 0 3 0.0
0 0 1 1 1 0 1 0 2 0.0
0 1 0 1 0 0 0 1 4 35.9178164995
0 0 1 1 1 0 1 0 4 0.0
0 0 0 1 1 1 -1 -1 4 0.0
0 0 0 1 1 1 -1 -1 5 12.7269844665
0 1 1 0 1 1 -1 -1 3 0.0
0 1 0 0 0 1 -1 -1 3 1.41823189054
0 1 1 0 1 1 -1 -1 5 0.0
0 1 0 0 0 1 -1 -1 2 40.5193437526
1 0 0 1 0 1 0 0 2 0.0
-1 -1 0 0 0 1 0 0 3 0.580171031015
0 1 0 0 0 0 1 1 2 4.59381935794
-1 -1 0 0 0 1 0 0 4 6.60621784768
-1 -1 0 0 0 1 0 0 5 -84.7996324091
0 1 1 0 0 0 0 1 2 11.2735316538
0 1 1 0 0 0 0 1 3 12.012388169
0 1 1 0 0 0 0 1 4 23.3635647034
0 1 1 0 0 0 0 1 5 12.5527024829
0 0 -1 -1 0 0 1 1 3 0.0
0 0 1 0 0 0 0 0 4 0.0
0 0 0 0 1 0 0 1 3 9.85038848987
0 0 0 0 1 0 0 1 2 19.5086117179
0 0 0 0 0 0 1 1 3 30.2940641218
0 0 -1 -1 0 0 1 1 5 0.0
0 1 0 0 0 0 1 1 5 4.59566142174
0 1 -1 -1 0 0 1 0 3 27.1257534099
0 0 0 0 0 0 1 1 2 1.47047142708
0 1 0 0 0 1 -1 -1 5 0.543609898771
1 0 0 1 0 1 0 0 3 16.1440729886
0 1 -1 -1 0 0 1 0 2 2.3649748688
1 0 0 1 1 1 0 1 4 19.1528303225
0 1 1 1 0 0 0 1 3 1.96074169368
0 1 1 1 0 0 0 1 2 7.97003398215
0 1 1 1 0 0 0 1 5 30.3726529139
0 1 1 1 0 0 0 1 4 3.48003992115
0 0 -1 -1 0 1 1 0 5 31.4185526114
0 0 -1 -1 1 0 0 0 2 1.54652716059
0 0 -1 -1 1 0 0 0 3 10.2271648248
1 1 1 1 0 0 0 0 3 1.64735047886
1 1 1 1 0 0 0 0 2 21.7756809585
1 1 1 1 0 0 0 0 5 1.57788182828
1 1 1 1 0 0 0 0 4 0.0
1 0 0 0 0 1 1 1 2 21.7027786667
0 1 0 1 1 1 1 1 5 14.1622194022
0 1 0 1 1 1 0 1 3 1.38998103923
0 1 0 0 1 1 1 1 3 4.01516754029
0 1 0 1 -1 -1 0 0 3 7.84926186039
0 1 0 1 -1 -1 0 0 2 0.0
0 1 0 0 1 0 0 1 2 0.524140520173
0 1 0 0 1 0 0 1 3 7.37549599959
0 1 0 0 1 0 0 1 4 29.3048302239
0 1 0 0 1 0 0 1 5 0.835726534891
0 1 0 1 -1 -1 0 0 5 12.4760293056
0 1 0 1 -1 -1 0 0 4 38.0925545781
1 1 0 0 0 0 0 0 3 1.67716086879
1 1 0 0 0 0 0 0 2 1.54634366209
1 1 0 0 0 0 0 0 5 15.7897465444
1 1 0 0 0 0 0 0 4 1.55281510497
0 0 1 0 0 1 0 0 2 -0.681633811313
1 1 0 1 1 1 0 0 5 0.0
1 1 0 0 1 0 0 0 2 0.0
0 1 -1 -1 0 1 0 0 5 0.0
-1 -1 0 0 -1 -1 0 0 4 0.0
1 0 0 1 0 1 0 0 5 1.76112652892
-1 -1 0 0 -1 -1 0 0 3 0.0
-1 -1 0 0 -1 -1 0 0 2 0.0
1 1 0 1 0 0 1 0 2 10.3359647063
0 1 1 0 0 0 1 1 2 2.31559383604
-1 -1 0 1 1 0 0 0 3 11.9608590323
1 1 0 0 1 1 0 0 3 0.0
1 1 0 0 1 1 0 0 2 19.5340700804
1 1 0 0 1 1 0 0 5 6.71520259522
1 1 0 0 1 1 0 0 4 6.25250531609
-1 -1 0 1 1 0 0 0 2 0.0
0 0 0 0 1 0 -1 -1 2 18.4201347668
0 0 0 1 1 1 0 1 3 0.0
0 1 0 1 0 0 0 0 3 -87.3353833472
0 0 1 1 1 1 -1 -1 2 26.2358148714
0 0 1 0 0 1 1 1 3 0.0
0 0 1 0 0 1 1 1 2 11.4766031978
0 0 1 0 0 1 1 1 5 0.0
0 0 1 0 0 1 1 1 4 0.0
1 1 0 1 0 1 1 0 4 0.0
0 0 0 1 1 1 0 1 5 5.82588252804
0 0 0 1 1 1 0 1 4 0.0
1 0 1 0 0 0 0 0 3 0.0
1 0 1 0 0 0 0 0 2 33.8888180587
1 1 0 0 1 0 0 0 4 0.0
1 0 1 0 0 0 0 0 4 0.0
0 0 -1 -1 0 0 0 1 2 -77.3936099648
0 0 -1 -1 0 0 0 1 3 27.3319112252
0 0 0 0 1 0 1 1 2 12.1678791787
0 0 0 0 1 0 1 1 3 0.0
0 0 -1 -1 0 0 0 1 4 7.94487558954
0 0 -1 -1 0 0 0 1 5 2.39874141857
1 1 0 1 1 0 1 0 2 4.61217313207
1 1 0 1 1 0 1 0 3 0.0
1 1 0 1 1 0 1 0 4 0.0
0 0 0 0 0 1 1 1 3 27.4477040936
0 1 1 1 1 0 0 0 3 0.162880880116
0 0 0 1 1 0 1 0 2 0.785561111239
0 0 0 1 1 0 1 0 3 0.0
0 0 0 1 1 0 1 0 4 18.2443140928
0 0 0 1 1 0 1 0 5 0.0
0 1 0 0 0 0 1 1 3 1.4886761032
0 1 0 1 0 0 1 1 2 0.0
0 0 -1 -1 0 1 1 0 4 8.91393463559
0 0 0 0 0 1 0 0 4 -77.1122577805
0 1 0 1 1 0 1 1 2 22.8192755648
0 1 0 1 1 0 1 1 3 2.88447574519
0 1 0 1 1 0 1 1 4 22.8135935845
0 1 0 1 1 0 1 1 5 22.9949082236
0 1 1 1 1 0 0 0 2 0.162880880116
1 0 -1 -1 0 0 0 0 4 51.509094052
0 0 0 0 1 1 0 1 2 6.33170092169
0 0 0 0 1 1 0 0 5 0.0
0 0 0 0 1 1 0 1 4 9.66206909855
0 0 0 0 1 1 0 1 5 9.57511047667
1 0 1 0 0 0 -1 -1 3 0.0
1 0 1 0 0 0 -1 -1 2 0.0
0 0 0 1 1 1 0 0 2 41.6253664974
0 1 0 1 1 1 1 1 2 17.6620820158
0 0 0 1 1 1 0 0 4 6.9692822152
0 0 0 1 1 1 0 0 5 0.0
0 1 -1 -1 0 0 1 0 5 0.0
0 1 -1 -1 0 0 1 0 4 0.0
1 1 0 1 0 1 0 1 3 6.29260405205
0 0 0 0 1 1 0 0 4 15.633648107
0 1 -1 -1 1 1 1 0 2 0.0
0 0 1 1 0 0 1 0 2 12.118773814
0 0 1 1 0 0 1 0 3 16.6002988804
0 0 1 1 0 0 1 0 4 10.935887935
0 0 1 1 0 0 1 0 5 0.0
-1 -1 0 0 -1 -1 1 0 4 0.0
0 1 0 1 0 1 1 1 2 12.4812106191
0 1 0 1 0 1 1 1 3 10.8541249133
0 1 0 1 0 1 1 1 4 1.73490181222
0 1 0 1 0 1 1 1 5 48.5668604256
-1 -1 0 0 -1 -1 1 0 5 0.0
0 1 0 1 1 0 0 1 3 6.8431703866
0 1 0 1 1 0 0 1 2 9.92411127387
0 1 0 1 1 0 0 1 5 54.0536000765
0 0 0 1 1 0 0 0 2 0.870189478539
0 0 0 0 0 0 1 0 2 0.0
0 0 0 0 0 0 1 0 3 8.27953759173
0 0 0 0 0 0 1 0 4 20.3185109076
0 0 0 0 0 0 1 0 5 8.05799596861
0 1 -1 -1 1 1 1 0 4 9.0
0 0 -1 -1 0 1 1 0 3 25.0629798855
0 1 1 0 0 0 1 1 5 0.0
0 0 1 1 0 1 0 0 2 30.3131584954
0 0 1 1 0 1 0 0 3 0.0
0 0 1 0 0 1 0 1 4 23.9792432261
-1 -1 0 0 1 0 0 0 4 0.0
1 1 1 0 0 1 0 1 2 20.1280285307
-1 -1 0 0 1 0 0 0 5 270.13424295
1 1 1 0 0 1 0 1 4 8.04129182703
1 1 0 1 0 1 0 1 2 0.672416291958
0 1 0 1 1 0 0 1 4 0.278210453278
-1 -1 1 0 0 0 1 0 3 0.0
-1 -1 1 0 0 0 1 0 2 0.0
0 1 0 0 0 1 1 0 2 0.80020270982
0 1 0 0 0 1 1 0 3 5.15483676178
0 1 0 0 0 1 1 0 4 5.14408810347
0 1 0 0 0 1 1 0 5 35.7377532082
-1 -1 1 0 0 0 1 0 5 0.0
-1 -1 1 0 0 0 1 0 4 1.65934004992
1 1 0 0 0 1 0 0 4 3.17028637877
1 0 0 1 1 0 0 0 2 10.0576244926
1 0 0 1 1 0 0 0 4 13.9633744342
1 0 0 1 1 0 0 0 5 12.2617160312
0 1 1 0 0 0 1 1 4 5.47778828633
1 1 0 1 0 1 0 1 5 2.33922802193
1 1 0 1 1 1 1 0 3 0.0
0 0 1 1 0 1 0 0 4 0.447585097662
0 1 -1 -1 0 0 1 1 3 0.0
1 1 1 0 0 0 0 0 2 6.51468307795
1 1 1 0 0 0 0 0 3 1.96596450511
1 1 1 0 0 0 0 0 4 9.08057292213
1 1 1 0 0 0 0 0 5 0.0
0 1 -1 -1 1 0 1 0 2 28.6595436878
0 1 -1 -1 1 0 1 0 3 0.0
0 1 -1 -1 1 0 1 0 5 0.0
1 1 1 0 0 1 1 1 3 0.0
1 1 1 0 0 1 1 1 2 0.0
1 1 1 0 0 1 1 1 5 0.0
0 1 0 1 1 1 1 0 5 8.01858413744
1 0 1 0 0 1 -1 -1 2 0.0
1 0 0 0 0 1 -1 -1 3 11.2647277849
1 0 0 0 0 1 -1 -1 2 2.86835042123
0 1 0 1 1 0 0 0 5 39.9509284421
1 1 0 1 0 1 0 0 3 28.2295444469
1 0 0 0 0 1 -1 -1 5 13.3027301659
1 0 0 0 0 1 -1 -1 4 10.4914632615
0 1 0 1 1 1 1 1 4 35.0412175957
0 1 0 0 1 1 1 0 3 0.0
1 0 0 1 0 0 0 0 2 0.0
0 1 0 0 1 1 1 0 5 9.95732729977
0 1 0 0 1 1 1 0 4 0.0
1 0 0 1 0 0 0 0 5 -70.3019791847
0 1 1 1 0 1 1 0 2 5.69607558015
0 1 1 1 0 1 1 0 3 2.8358931781
0 1 1 1 0 1 1 0 4 5.8024964082
0 1 1 1 0 1 1 0 5 9.83923268865
1 1 0 1 0 1 0 0 4 15.2982657988
-1 -1 0 1 0 1 0 1 2 9.38687346122
0 1 0 1 0 0 0 0 2 34.2376111431
0 1 0 1 1 1 1 1 3 3.01755196747
-1 -1 0 0 0 0 1 0 2 15.893658
1 0 0 0 0 1 0 1 4 0.184784545772
0 1 1 0 0 0 1 1 3 6.16892344977
0 1 0 0 1 0 1 0 4 18.0815772163
0 1 0 1 0 0 0 0 4 -82.24884598
0 0 -1 -1 0 1 -1 -1 4 1.43004345784
0 0 1 0 0 0 0 1 3 6.51237729443
1 1 0 1 1 1 0 0 3 0.0
0 0 0 1 1 1 0 1 2 1.24206529638
0 0 0 0 0 1 -1 -1 2 9.7448407735
1 1 0 1 0 0 0 0 4 3.9827025648
-1 -1 0 1 0 1 0 1 3 0.0
1 1 0 1 0 1 0 0 2 10.0236434793
0 0 1 0 0 1 0 1 3 10.962967653
-1 -1 0 0 0 0 1 0 3 0.0
0 1 1 0 0 1 -1 -1 2 0.0
0 1 1 0 0 1 -1 -1 3 0.0
1 0 0 0 0 0 0 1 3 9.73459399596
1 0 0 0 0 0 0 1 2 0.0186366484607
1 0 0 0 0 0 0 1 5 1.51351622868
1 0 0 0 0 0 0 1 4 16.3345970159
0 1 1 0 0 1 -1 -1 4 2.37880632853
0 0 1 1 0 1 0 0 5 0.0
0 0 1 0 0 0 0 1 2 0.0
1 1 0 1 0 1 1 1 3 0.0
1 1 0 1 0 1 1 1 2 16.1513376325
1 1 0 1 0 1 1 1 5 0.0
1 1 0 1 0 1 1 1 4 0.0
0 0 0 0 0 1 -1 -1 3 12.4061921306
0 0 -1 -1 1 0 -1 -1 4 8.56669153627
0 0 -1 -1 1 0 -1 -1 5 8.62379133871
0 1 0 1 0 0 1 1 4 30.94690132
0 0 -1 -1 1 0 -1 -1 2 0.0
0 1 1 0 0 0 1 0 5 0.0
1 1 1 1 0 1 1 0 5 1.67589355258
0 0 -1 -1 1 1 0 0 3 0.0
0 0 -1 -1 1 1 0 0 2 2.19043850655
0 1 1 1 1 1 1 1 3 0.0
0 0 -1 -1 1 1 0 0 5 22.6403855348
0 0 -1 -1 1 1 0 0 4 34.303177476
1 0 0 0 1 0 0 0 3 15.1612499225
1 0 0 0 1 0 0 0 2 10.2199786627
1 0 0 0 1 0 0 0 5 8.90526868789
1 0 0 0 1 0 0 0 4 0.0
0 1 -1 -1 0 1 1 1 2 9.0
0 0 -1 -1 1 1 -1 -1 5 0.0
0 0 -1 -1 1 1 -1 -1 4 3.00886495613
0 0 0 1 0 0 0 0 2 -88.3295338466
0 0 0 1 0 0 0 0 3 -79.4989488055
0 0 0 1 0 0 0 0 4 -83.1881037737
0 0 0 1 0 0 0 0 5 25.2630611261
0 0 -1 -1 1 1 -1 -1 3 0.0
0 0 -1 -1 1 1 -1 -1 2 2.10288985233
-1 -1 0 1 1 1 0 0 2 0.0
-1 -1 0 1 1 1 0 0 3 2.8150370104
-1 -1 0 1 1 1 0 0 4 0.0
-1 -1 0 1 1 1 0 0 5 0.0
1 1 0 1 1 0 0 1 2 2.34671262182
-1 -1 0 0 1 1 1 1 3 0.0
-1 -1 0 0 1 1 1 1 2 0.0
0 1 0 1 1 1 0 1 2 48.8394701303
1 1 0 1 1 0 0 1 3 1.65395856371
0 1 0 1 1 1 0 1 5 0.0
-1 -1 0 0 1 1 1 1 5 0.0
-1 -1 0 0 1 1 1 1 4 0.000448815319962
0 1 0 0 1 0 -1 -1 3 0.0
0 1 0 0 1 0 -1 -1 2 9.0
1 0 1 0 0 1 0 0 2 0.0
1 0 1 0 0 1 0 0 3 0.0
1 0 1 0 0 1 0 0 4 8.85942429501
1 0 1 0 0 1 0 0 5 15.0990409711
0 1 0 0 1 0 -1 -1 5 0.0
0 0 1 0 0 1 0 0 4 23.3923304381
1 0 0 0 1 1 0 1 3 1.61973713777
1 0 0 0 1 1 0 1 2 0.271480958626
1 0 0 0 1 1 0 1 5 14.2281448009
1 0 0 0 1 1 0 1 4 0.271398415314
0 0 0 1 1 0 -1 -1 5 0.0
0 0 1 1 1 0 0 0 2 0.0
0 0 1 1 1 0 0 0 3 0.0
1 0 1 0 0 0 0 0 5 5.40918635648
1 0 0 0 1 0 -1 -1 3 0.0
1 0 0 0 1 0 -1 -1 2 0.0
0 0 1 0 0 0 0 0 2 0.648373370273
0 0 1 0 0 0 0 0 3 0.0667612410965
0 1 0 0 0 0 1 1 4 19.1739990678
0 0 1 0 0 0 0 0 5 38.0683513678
0 1 0 0 0 0 -1 -1 4 6.92137099899
0 1 0 0 0 0 -1 -1 5 8.94322687311
0 0 1 1 0 1 -1 -1 2 0.0
0 0 1 1 0 1 -1 -1 3 31.4933764129
1 1 0 0 0 0 1 0 2 0.0
1 1 0 0 0 0 1 0 3 0.7946829
1 1 0 0 0 0 1 0 4 21.6559676629
1 1 0 0 0 0 1 0 5 0.7946829
0 0 1 1 0 1 -1 -1 4 3.92929834535
0 0 1 1 0 1 -1 -1 5 1.80675104881
-1 -1 0 0 0 1 0 0 2 0.0591105924016
1 1 0 1 1 1 0 1 3 4.79329733434
1 1 0 1 1 1 0 1 2 0.0
1 1 0 1 1 1 0 1 5 5.78433272137
0 0 0 1 1 1 1 0 5 5.9698817118
0 0 1 1 0 0 1 1 3 18.9744478237
1 1 0 0 0 1 1 1 2 14.5852101993
-1 -1 0 0 0 0 1 0 4 0.0
0 1 0 1 1 0 0 0 2 0.0
0 1 1 0 0 1 1 0 3 0.0
0 1 1 0 0 1 1 0 2 45.1410519616
0 1 1 0 0 1 1 0 5 27.5461233244
0 1 1 0 0 1 1 0 4 10.6458199557
0 0 0 0 1 1 -1 -1 3 25.0616959548
0 0 0 0 1 1 -1 -1 2 10.1845495079
0 0 1 1 0 1 0 1 3 24.1422936708
0 0 0 0 1 1 -1 -1 5 0.0
0 0 0 0 1 1 -1 -1 4 7.36882233483
1 0 0 1 0 0 0 1 2 20.7392061149
0 1 1 1 0 0 1 0 3 0.0
0 1 1 1 0 0 1 0 2 0.797354871446
1 1 0 1 0 1 0 1 4 46.2940496443
1 1 0 0 0 1 0 0 5 0.0
0 0 1 1 0 0 1 1 2 21.2361888303
1 1 0 0 0 1 1 1 3 0.0
0 0 -1 -1 1 0 1 1 2 15.2044055956
0 0 -1 -1 1 0 1 1 3 11.1586293905
-1 -1 0 0 0 0 1 0 5 0.0
1 1 1 0 0 0 1 0 2 0.0
0 0 -1 -1 1 0 1 1 4 11.1586293905
0 1 1 1 0 1 0 0 4 16.5573221083
1 0 0 0 0 1 0 1 2 2.50621330037
1 0 0 0 0 1 0 1 3 2.24978331458
0 1 0 1 0 0 0 0 5 -87.676711528
1 0 0 0 0 1 0 1 5 2.23722119249
0 1 0 0 1 0 0 0 3 14.4459945139
0 0 0 0 0 1 -1 -1 5 0.354818163723
0 1 0 0 1 0 0 0 5 3.05487190856
0 1 0 0 1 0 0 0 4 8.61262112039
1 0 0 1 0 0 0 1 3 0.0
-1 -1 0 0 0 1 0 1 3 0.0
-1 -1 0 0 0 1 0 1 2 0.000431958570247
0 0 1 1 0 0 1 1 5 0.0
1 1 0 0 0 1 1 1 4 0.0
-1 -1 0 0 0 1 0 1 5 0.0
-1 -1 0 0 0 1 0 1 4 0.0
0 1 1 0 0 0 0 0 3 2.50165950572
0 1 1 0 0 0 0 0 2 0.264250818742
0 1 1 0 0 0 0 0 5 23.4789046212
0 1 1 0 0 0 0 0 4 7.65778804142
0 0 0 1 1 1 0 0 3 9.62221633376
1 1 0 0 0 1 0 0 2 0.863905318041
