42 E 5 277.0
42 E 4 1575.0
42 E 3 715.0
42 E 2 303.0
45 N 3 3.0
35 W 2 4.0
1000 None 4 329336.0
1000 None 5 430973.0
45 N 2 1484.0
1000 None 2 29719.0
1000 None 3 230138.0
45 N 5 1753.0
12 W 2 10353.0
12 W 3 918.0
45 N 4 2843.0
46 N 2 1687.0
46 N 3 4077.0
56 W 2 40.0
56 W 3 70.0
56 W 4 653.0
29 E 2 5270.0
46 N 4 1.0
46 N 5 6.0
10 S 2 9.0
7 S 3 1.0
29 E 3 3462.0
7 S 5 1702.0
10 S 3 7355.0
40 W 4 2809.0
34 N 5 964.0
34 N 4 2827.0
34 N 3 935.0
36 S 3 2973.0
15 S 4 1413.0
16 W 4 6.0
16 W 5 7485.0
16 W 2 2690.0
16 W 3 1529.0
44 N 2 5798.0
44 N 3 1242.0
44 N 4 240.0
44 N 5 600.0
36 S 5 2202.0
27 S 4 156.0
27 S 5 3404.0
48 E 5 525.0
48 E 4 290.0
48 E 3 484.0
48 E 2 68.0
27 S 2 4691.0
27 S 3 1158.0
32 N 3 11933.0
32 N 2 166.0
50 W 4 265.0
50 W 5 439.0
50 W 2 2798.0
50 W 3 67.0
32 N 5 10674.0
32 N 4 2123.0
58 N 3 14.0
13 N 5 14.0
7 S 2 2081.0
8 E 2 7153.0
56 S 4 330.0
8 E 5 1.0
59 S 2 110.0
59 S 4 3.0
43 S 2 596.0
43 S 3 283.0
35 W 3 9.0
43 S 4 809.0
43 S 5 5563.0
10 N 3 14.0
10 N 2 497533.0
21 N 5 11244.0
21 N 4 188.0
21 N 3 6915.0
21 N 2 7561.0
10 N 5 13.0
10 N 4 10.0
56 S 5 1451.0
49 E 4 592.0
49 E 5 558.0
49 E 2 442.0
49 E 3 54.0
57 W 3 744.0
57 W 2 61.0
19 E 5 202.0
19 E 4 1.0
3 W 3 1547.0
3 W 2 799.0
3 W 5 3804.0
3 W 4 2187.0
30 W 4 1143.0
17 W 5 8846.0
17 W 4 1061.0
4 N 5 857.0
4 N 4 2428.0
4 N 3 473.0
4 N 2 4.0
17 W 3 3556.0
17 W 2 13.0
33 N 2 8729.0
33 N 3 1107.0
53 E 5 1053.0
53 E 4 1.0
53 E 3 217.0
53 E 2 108.0
33 N 4 3481.0
33 N 5 6257.0
5 E 5 6.0
5 E 4 8220.0
12 N 2 17655.0
12 N 5 1.0
5 E 3 2959.0
5 E 2 5180.0
51 E 5 393.0
43 E 4 249.0
32 E 2 3412.0
32 E 3 78.0
32 E 4 2635.0
32 E 5 450.0
43 E 5 154.0
1 N 2 993.0
59 E 4 97.0
11 S 5 1718.0
24 E 2 3393.0
24 E 5 3173.0
11 S 2 465.0
51 E 4 298.0
31 N 2 11362.0
31 N 3 7035.0
31 N 4 27.0
43 E 2 34.0
16 N 4 6211.0
43 E 3 2290.0
16 N 3 20127.0
16 N 2 14.0
59 E 3 327.0
13 S 5 203.0
13 S 4 49.0
59 E 2 376.0
13 S 3 2896.0
13 S 2 266.0
40 N 4 2339.0
57 S 4 54.0
60 S 2 298.0
2 N 2 255.0
25 E 2 6769.0
25 E 3 4089.0
25 E 4 3.0
25 E 5 4.0
46 W 3 139.0
46 W 2 233.0
32 S 4 524.0
32 S 5 1186.0
32 S 2 771.0
32 S 3 4854.0
36 S 4 58.0
46 W 4 1801.0
57 S 2 76.0
38 E 2 499.0
38 E 3 369.0
38 E 4 2355.0
38 E 5 809.0
53 W 5 115.0
52 S 2 1212.0
52 S 3 346.0
52 S 4 916.0
52 S 5 1615.0
55 E 4 453.0
53 W 4 188.0
2 E 2 1.0
2 E 3 642.0
2 E 4 866.0
58 S 2 12.0
9 E 3 2.0
9 E 2 62.0
9 E 5 6497.0
9 E 4 1.0
21 E 5 1552.0
21 E 4 1425.0
58 S 3 139.0
3 N 2 634.0
3 N 3 486.0
3 N 4 2065.0
3 N 5 618.0
21 E 2 610.0
21 E 3 7571.0
40 E 5 615.0
40 E 4 1754.0
40 E 3 355.0
40 E 2 653.0
4 W 4 2.0
4 W 5 601.0
4 W 2 3729.0
4 W 3 3551.0
58 S 4 41.0
44 E 3 641.0
58 S 5 43.0
18 W 2 12804.0
18 W 3 181.0
56 S 2 249.0
18 W 5 87.0
7 W 5 791.0
7 W 4 3218.0
7 W 3 3651.0
7 W 2 1078.0
8 N 3 358.0
8 N 2 16.0
51 E 2 102.0
8 N 5 2054.0
8 N 4 1086.0
12 S 2 11.0
58 W 4 276.0
45 W 2 4095.0
22 E 4 3932.0
45 W 4 39.0
45 W 5 216.0
2 S 4 1593.0
22 E 3 24.0
59 N 4 75.0
59 N 5 61.0
59 N 2 113.0
59 N 3 1.0
2 S 2 2676.0
58 W 3 341.0
39 E 3 1247.0
39 E 2 213.0
39 E 5 1753.0
39 E 4 1022.0
55 S 5 1059.0
55 S 4 1097.0
55 S 3 167.0
55 S 2 2469.0
5 S 3 6264.0
5 S 2 5997.0
5 S 5 1.0
5 S 4 1200.0
20 E 5 5282.0
20 E 4 1.0
51 S 3 576.0
55 E 5 95.0
20 E 3 1.0
20 E 2 3145.0
53 N 4 1.0
53 N 5 1264.0
53 N 2 86.0
53 N 3 1.0
48 N 4 747.0
48 N 5 1375.0
57 E 3 708.0
48 N 2 433.0
48 N 3 1450.0
12 S 4 2528.0
12 S 5 80.0
48 S 3 53.0
48 S 2 701.0
48 S 5 2227.0
48 S 4 1227.0
27 E 4 909.0
12 S 3 1061.0
56 N 3 550.0
56 N 2 282.0
56 N 5 6.0
56 N 4 78.0
57 E 2 69.0
8 W 2 4134.0
8 W 3 3117.0
8 W 4 813.0
8 W 5 108.0
14 N 5 22.0
14 N 4 5011.0
14 N 3 16550.0
14 N 2 2.0
49 S 2 26.0
49 S 3 1403.0
49 S 4 268.0
49 S 5 1309.0
28 E 5 3936.0
28 E 4 2568.0
50 N 5 597.0
44 W 2 274.0
44 W 5 2760.0
50 N 2 1.0
51 S 5 30.0
28 E 2 2119.0
6 E 4 2448.0
6 E 5 357.0
6 E 2 2168.0
6 E 3 4.0
22 W 4 10.0
7 N 4 1686.0
53 S 2 1617.0
7 N 2 1639.0
7 N 3 1.0
30 W 2 777.0
41 E 5 42.0
53 S 5 41343.0
30 W 5 12496.0
1 E 3 236.0
1 E 2 2312.0
1 E 5 1661.0
1 E 4 1382.0
26 E 3 7998.0
26 E 2 8.0
59 W 5 61.0
59 W 4 586.0
59 W 3 444.0
59 W 2 210.0
26 E 4 2994.0
28 N 4 12313.0
11 E 3 3.0
11 E 2 30.0
11 E 5 4.0
11 E 4 6143.0
57 S 5 88.0
40 N 5 476.0
40 N 2 4511.0
40 N 3 2658.0
3 S 5 889.0
3 S 4 2008.0
39 N 2 26.0
39 N 3 4348.0
39 N 4 1559.0
39 N 5 5176.0
3 S 3 4956.0
3 S 2 10056.0
22 E 5 7039.0
58 W 5 86.0
58 W 2 594.0
22 E 2 6.0
18 N 3 23334.0
18 N 2 3024.0
36 W 4 378.0
36 W 5 424.0
36 W 2 7302.0
36 W 3 233.0
18 N 5 2682.0
18 N 4 2363.0
10 E 2 4.0
10 E 3 438.0
10 E 4 4.0
10 E 5 5507.0
29 S 2 14772.0
29 S 3 553.0
29 S 4 1395.0
29 S 5 1034.0
44 W 4 593.0
55 W 3 73.0
52 E 5 584.0
23 E 4 678.0
13 N 3 78.0
23 E 2 10748.0
23 E 3 1.0
42 S 3 245.0
42 S 2 1553.0
31 W 3 11333.0
31 W 2 542.0
31 W 5 4619.0
31 W 4 69.0
42 S 5 3281.0
42 S 4 333.0
52 E 4 1.0
58 E 3 392.0
45 W 3 1439.0
14 E 4 3557.0
52 E 2 333.0
34 N 2 12099.0
14 E 2 16.0
52 E 3 327.0
19 N 2 9918.0
19 N 3 23032.0
51 N 4 665.0
51 N 5 161.0
35 E 3 1361.0
35 E 2 158.0
19 N 4 3645.0
19 N 5 246.0
30 N 3 2261.0
5 W 5 5.0
5 W 4 3064.0
5 W 3 8327.0
5 W 2 27.0
2 S 5 27.0
45 S 4 1347.0
45 S 5 1760.0
18 E 2 31.0
18 E 3 557.0
18 E 4 206.0
18 E 5 7887.0
45 S 2 652.0
45 S 3 1388.0
48 W 4 491.0
51 N 2 632.0
2 S 3 14627.0
52 W 4 79.0
52 W 5 950.0
57 W 4 751.0
29 E 5 329.0
51 E 3 751.0
52 W 2 10.0
52 W 3 2527.0
26 N 2 4521.0
26 N 3 11442.0
26 N 4 2930.0
26 N 5 9442.0
41 N 3 690.0
51 N 3 286.0
51 W 2 111.0
50 E 4 233.0
50 E 5 1146.0
55 E 3 478.0
55 E 2 254.0
46 S 3 3099.0
46 S 2 300.0
50 E 2 4.0
50 E 3 127.0
28 E 3 1070.0
46 W 5 1065.0
20 S 3 3223.0
20 S 2 1332.0
20 S 5 579.0
20 S 4 173.0
30 S 2 1162.0
51 W 5 1342.0
18 S 5 2012.0
51 W 3 2723.0
18 S 3 325.0
57 E 4 361.0
12 E 2 17.0
12 E 3 4599.0
29 E 4 119.0
12 E 4 15.0
12 E 5 435.0
34 S 2 86.0
34 S 3 2620.0
34 S 4 344.0
34 S 5 3262.0
3 E 3 4501.0
3 E 2 315.0
3 E 5 1.0
3 E 4 6271.0
14 E 5 2.0
49 W 4 1887.0
49 W 5 687.0
56 W 5 1260.0
49 W 2 516.0
49 W 3 577.0
42 N 4 1479.0
42 N 5 4619.0
42 N 2 946.0
42 N 3 1353.0
14 E 3 6793.0
30 S 4 9184.0
30 S 5 2327.0
43 N 5 1472.0
43 N 4 3190.0
43 N 3 2655.0
43 N 2 872.0
53 W 3 993.0
30 S 3 2551.0
7 E 5 430.0
7 E 4 5560.0
7 E 3 7.0
7 E 2 3.0
40 S 2 215.0
41 S 2 47.0
40 S 5 2515.0
23 W 3 2399.0
17 E 5 4691.0
40 S 4 1721.0
41 W 4 3770.0
41 W 5 1347.0
34 E 4 67.0
34 E 5 743.0
34 E 2 2984.0
34 E 3 1533.0
41 W 2 397.0
41 W 3 197.0
1 W 3 41992.0
1 W 2 4268.0
35 N 4 3.0
1 W 5 6524.0
1 W 4 19356.0
8 S 4 46.0
8 S 2 1521.0
8 S 3 3465.0
13 E 3 3995.0
13 E 2 2.0
13 E 5 936.0
13 E 4 5.0
33 S 5 2136.0
33 S 4 303.0
33 S 3 283.0
33 S 2 4075.0
35 N 5 2552.0
19 E 3 8076.0
30 N 2 4012.0
48 W 5 1168.0
57 W 5 21.0
26 W 3 921.0
48 W 3 1626.0
48 W 2 189.0
19 W 3 1030.0
19 W 2 15772.0
42 W 5 704.0
42 W 4 1228.0
42 W 3 1041.0
42 W 2 2339.0
57 E 5 166.0
35 N 3 1070.0
22 N 4 5432.0
22 N 5 13312.0
22 N 2 312.0
22 N 3 8885.0
22 S 3 1078.0
22 S 2 6.0
22 S 5 3618.0
22 S 4 287.0
54 W 2 5.0
54 W 3 113.0
29 W 4 4.0
29 W 5 41.0
29 W 2 10668.0
29 W 3 3276.0
54 W 5 2742.0
11 W 3 1283.0
26 S 4 2741.0
21 S 2 3427.0
21 S 3 699.0
28 N 5 17163.0
21 S 4 420.0
21 S 5 468.0
56 E 2 315.0
56 E 3 335.0
33 W 5 634.0
56 E 4 394.0
56 E 5 66.0
49 N 5 1158.0
49 N 4 167.0
33 W 4 558.0
49 N 3 383.0
49 N 2 1468.0
26 S 3 90.0
23 S 2 653.0
16 E 5 3.0
23 S 4 73.0
16 E 3 1.0
37 S 3 730.0
37 S 2 47.0
36 N 5 982.0
36 N 4 1880.0
36 N 3 4642.0
36 N 2 6869.0
37 S 5 4395.0
37 S 4 315.0
53 S 3 1971.0
30 N 5 9525.0
35 N 2 10503.0
35 S 3 423.0
35 S 2 920.0
35 S 5 963.0
35 S 4 3468.0
35 W 4 275.0
20 N 4 3930.0
20 N 5 16649.0
20 N 2 5925.0
20 N 3 11651.0
25 W 2 1978.0
25 W 3 4688.0
25 W 4 494.0
25 W 5 5950.0
60 N 2 209.0
17 E 4 13.0
27 E 3 703.0
39 W 3 52.0
39 W 2 5225.0
39 W 5 383.0
39 W 4 879.0
31 S 5 815.0
31 S 4 1219.0
31 S 3 6795.0
31 S 2 89.0
60 N 3 9.0
13 N 2 20024.0
58 N 4 259.0
13 N 4 31.0
58 N 2 206.0
9 W 3 4715.0
9 W 2 3764.0
17 E 3 19.0
60 N 4 15.0
9 W 5 2.0
9 W 4 1.0
60 N 5 126.0
47 W 2 370.0
47 W 3 1247.0
46 E 3 150.0
46 E 2 532.0
46 E 5 926.0
46 E 4 235.0
47 W 4 228.0
47 W 5 1025.0
60 S 5 362.0
60 S 4 264.0
60 S 3 149.0
43 W 4 377.0
17 E 2 1591.0
43 W 5 260.0
27 E 2 10625.0
24 N 4 20487.0
33 W 3 5842.0
15 S 3 2550.0
41 S 4 955.0
38 W 2 2958.0
38 W 3 1806.0
38 W 4 1593.0
38 W 5 230.0
15 S 5 15.0
56 S 3 219.0
31 N 5 6098.0
6 S 2 5327.0
6 S 3 20.0
6 S 4 157.0
6 S 5 5457.0
30 N 4 10975.0
35 E 5 2727.0
28 N 2 3203.0
52 N 5 669.0
33 W 2 5297.0
24 W 3 6772.0
24 W 2 2726.0
24 W 5 2324.0
24 W 4 2714.0
28 S 3 2713.0
28 S 2 5524.0
28 S 5 52560.0
28 S 4 3068.0
36 S 2 268.0
52 N 4 105.0
37 E 5 350.0
55 N 3 435.0
5 N 4 1052.0
5 N 5 770.0
5 N 2 741.0
5 N 3 979.0
37 E 2 716.0
37 N 4 1083.0
37 N 5 1793.0
37 N 2 3681.0
37 N 3 5423.0
16 E 2 5928.0
23 S 5 742.0
53 S 4 255.0
37 E 4 1225.0
20 W 5 1.0
18 W 4 1806.0
20 W 3 5981.0
20 W 2 10721.0
54 N 3 382.0
54 N 2 314.0
54 N 5 230.0
54 N 4 446.0
28 N 3 76.0
43 W 2 3558.0
58 E 5 378.0
2 N 3 3540.0
26 W 2 8498.0
2 N 5 922.0
2 N 4 3396.0
34 W 4 2.0
34 W 5 1094.0
40 W 3 1405.0
34 W 2 6205.0
34 W 3 3876.0
40 W 2 1006.0
43 W 3 874.0
58 E 2 266.0
26 S 2 5865.0
21 W 4 8209.0
21 W 5 6598.0
21 W 2 2879.0
21 W 3 17.0
36 E 4 2829.0
36 E 5 1809.0
33 E 3 1592.0
33 E 2 2665.0
33 E 5 265.0
33 E 4 1543.0
36 E 2 135.0
36 E 3 11.0
35 E 4 1117.0
58 E 4 108.0
6 N 4 3452.0
27 W 2 9543.0
27 W 3 2070.0
27 W 4 1423.0
27 W 5 1344.0
6 N 3 1.0
6 N 2 52.0
55 N 2 114.0
44 E 2 227.0
37 W 5 1.0
37 W 4 2813.0
37 W 3 1.0
37 W 2 5051.0
44 E 5 941.0
55 N 5 1.0
52 N 3 433.0
17 N 5 38393.0
38 N 3 300.0
44 E 4 623.0
38 N 5 3414.0
55 N 4 432.0
17 N 2 9.0
17 N 3 19.0
17 N 4 2885.0
17 S 3 2352.0
17 S 2 596.0
17 S 5 922.0
17 S 4 1034.0
26 W 4 4343.0
41 N 4 2754.0
54 E 2 248.0
54 E 3 212.0
54 E 4 756.0
52 N 2 744.0
41 N 2 239.0
37 E 3 2298.0
46 S 5 1240.0
38 N 4 5394.0
46 S 4 1465.0
14 S 2 56.0
23 W 5 2954.0
24 E 3 5.0
14 S 4 3678.0
14 S 5 72.0
45 E 2 849.0
45 E 3 1063.0
57 N 2 223.0
57 N 3 41.0
57 N 4 123.0
57 N 5 96.0
45 E 4 238.0
45 E 5 331.0
11 N 2 37.0
11 S 3 1665.0
44 S 5 3603.0
11 N 4 3.0
24 E 4 2830.0
39 S 5 4438.0
39 S 4 393.0
16 S 2 2.0
16 S 3 4287.0
16 S 4 492.0
16 S 5 1.0
39 S 3 232.0
41 S 3 3490.0
47 N 3 2616.0
47 N 2 905.0
29 N 5 7353.0
29 N 4 6941.0
29 N 3 8831.0
29 N 2 1946.0
47 N 5 186.0
47 N 4 651.0
44 S 4 911.0
1 S 5 768.0
1 S 4 96.0
1 S 3 271.0
1 S 2 49.0
2 W 5 332.0
23 S 3 3641.0
59 E 5 1.0
1 N 3 18264.0
24 N 2 1285.0
1 N 4 18366.0
1 N 5 7118.0
50 S 2 132.0
50 S 3 245.0
54 S 4 69.0
54 S 5 3241.0
54 S 2 992.0
54 S 3 206.0
50 S 4 847.0
50 S 5 1652.0
25 N 3 12283.0
25 N 2 2513.0
15 N 4 20.0
15 N 5 5205.0
15 N 2 10974.0
15 N 3 7748.0
25 N 5 6934.0
25 N 4 5861.0
9 S 4 1185.0
10 W 2 13700.0
24 N 3 9.0
41 N 5 5661.0
19 S 4 60.0
19 S 3 150.0
19 S 2 5129.0
51 S 2 745.0
39 S 2 354.0
44 W 3 797.0
15 E 5 4738.0
50 N 4 1742.0
51 S 4 1263.0
15 E 4 2578.0
22 W 5 4466.0
50 N 3 377.0
22 W 3 2171.0
22 W 2 10391.0
31 E 3 422.0
31 E 2 3263.0
28 W 5 13.0
28 W 4 12551.0
28 W 3 934.0
28 W 2 699.0
31 E 5 4432.0
31 E 4 3.0
27 N 3 15228.0
27 N 2 1095.0
27 N 5 3154.0
27 N 4 13484.0
15 E 3 165.0
15 E 2 31.0
35 W 5 11439.0
11 N 5 7562.0
32 W 2 4.0
32 W 3 3323.0
47 E 2 130.0
47 E 3 948.0
47 E 4 647.0
47 E 5 52.0
32 W 4 1008.0
32 W 5 10170.0
6 W 4 4.0
18 S 4 313.0
6 W 2 3.0
6 W 3 9110.0
18 S 2 2567.0
24 S 5 1677.0
24 S 4 2286.0
24 S 3 645.0
24 S 2 3972.0
44 S 3 1514.0
30 E 2 333.0
30 E 3 7219.0
30 E 4 1749.0
30 E 5 1311.0
23 N 5 1669.0
23 N 4 1.0
23 N 3 10503.0
23 N 2 25519.0
9 N 2 575343.0
9 N 3 12.0
9 N 4 14.0
9 N 5 17.0
26 S 5 75.0
11 W 2 7464.0
44 S 2 1602.0
11 W 5 4084.0
11 W 4 1288.0
4 S 2 771.0
4 S 3 962.0
4 S 4 22719.0
4 S 5 9362.0
23 W 4 627.0
14 S 3 25.0
25 S 4 2873.0
25 S 5 180.0
25 S 2 363.0
25 S 3 3770.0
15 S 2 10.0
55 W 2 1329.0
47 S 4 321.0
47 S 5 1415.0
47 S 2 866.0
47 S 3 2486.0
55 W 5 537.0
55 W 4 441.0
40 W 5 256.0
24 N 5 11890.0
23 W 2 11597.0
38 S 4 1435.0
38 S 5 1224.0
15 W 5 1.0
15 W 4 2559.0
40 S 3 1245.0
15 W 2 7962.0
38 S 2 2898.0
38 S 3 430.0
38 N 2 4107.0
2 W 2 1094.0
2 W 3 3660.0
2 W 4 13.0
41 E 4 1077.0
57 S 3 13.0
30 W 3 246.0
9 S 3 1.0
9 S 2 2855.0
41 E 2 330.0
13 W 3 12.0
13 W 2 7829.0
13 W 5 1509.0
13 W 4 1489.0
53 W 2 1378.0
41 E 3 1827.0
19 E 2 2.0
4 E 4 397.0
4 E 5 549.0
41 S 5 852.0
4 E 2 6.0
4 E 3 2033.0
11 N 3 5337.0
14 W 4 11166.0
14 W 2 23.0
14 W 3 43.0
