42 E 5 -68.7673202398
42 E 4 11.1331427228
42 E 3 -67.714347389
42 E 2 -56.1550672126
45 N 3 -1.07953910113
35 W 2 0.012931128101
1000 None 4 -136.010907969
1000 None 5 -147.788639964
45 N 2 -3.65938322892
1000 None 2 -136.282093944
1000 None 3 7.45835884728
45 N 5 -54.9015647259
12 W 2 3.82034419507
12 W 3 13.0532889459
45 N 4 12.0080405441
46 N 2 -75.5273370596
46 N 3 11.9099739914
56 W 2 -75.2137941396
56 W 3 2.04055785711
56 W 4 -69.5165214655
29 E 2 12.4231682468
46 N 4 0.0
46 N 5 0.190357090599
10 S 2 0.0017942052494
7 S 3 0.0
29 E 3 1.71501407654
7 S 5 11.562065145
10 S 3 17.1190148891
40 W 4 1.90486913612
34 N 5 -47.3390117946
34 N 4 12.1129766109
34 N 3 -1.07946017522
36 S 3 -81.3178124693
15 S 4 3.71832805145
16 W 4 2.25777224906
16 W 5 13.7374726317
16 W 2 1.98582001777
16 W 3 4.4277937487
44 N 2 0.823927774909
44 N 3 13.8972700118
44 N 4 0.946319446418
44 N 5 -56.9397180138
36 S 5 14.4001227408
27 S 4 -80.4304863367
27 S 5 -79.3735330205
48 E 5 -69.2001099954
48 E 4 -77.0827886458
48 E 3 6.76747085149
48 E 2 -71.4334148543
27 S 2 14.4696910487
27 S 3 -79.1677249466
32 N 3 -76.8574307219
32 N 2 -85.6235153929
50 W 4 -66.298542378
50 W 5 17.76818777
50 W 2 -67.601602634
50 W 3 -76.4409816085
32 N 5 -68.7486464259
32 N 4 11.5461563608
58 N 3 9.64278023475
13 N 5 0.95841375699
7 S 2 3.39932672997
8 E 2 15.3086784331
56 S 4 -76.8852786807
8 E 5 0.0
59 S 2 -0.436654954246
59 S 4 1.05605847357
43 S 2 -80.3985560089
43 S 3 13.5685802329
35 W 3 1.04371004867
43 S 4 -80.5182333122
43 S 5 -86.2999932943
10 N 3 0.0
10 N 2 13.8937040086
21 N 5 10.1926327183
21 N 4 -0.988404055216
21 N 3 -0.314527562213
21 N 2 -83.6570238308
10 N 5 0.0
10 N 4 0.0
56 S 5 10.1343402865
49 E 4 -1.7777226369
49 E 5 21.1757959762
49 E 2 -0.825600669373
49 E 3 -16.0646066077
57 W 3 8.62070183441
57 W 2 -78.86038854
19 E 5 4.4890682607
19 E 4 4.03560241158
3 W 3 1.10461617912
3 W 2 13.6397374193
3 W 5 0.136723611194
3 W 4 1.28417519798
30 W 4 -66.4431280952
17 W 5 2.43997526305
17 W 4 18.1275278776
4 N 5 1.2482289515
4 N 4 -4.39258713529
4 N 3 12.5441020242
4 N 2 2.17229775255
17 W 3 0.423510211606
17 W 2 0.999178540386
33 N 2 13.7655271411
33 N 3 -0.996482832147
53 E 5 3.26500918948
53 E 4 0.00632923583293
53 E 3 10.1316112338
53 E 2 3.58719066016
33 N 4 -1.66921285247
33 N 5 -57.0608922828
5 E 5 0.0
5 E 4 13.0526915881
12 N 2 12.6525551734
12 N 5 0.0
5 E 3 -20.7944522892
5 E 2 -0.0525602169205
51 E 5 11.8047446428
43 E 4 10.3735066867
32 E 2 -1.21829959225
32 E 3 0.373642671371
32 E 4 -0.236355333652
32 E 5 17.5614431975
43 E 5 -70.772320505
1 N 2 -16.2767584364
59 E 4 -78.3496455551
11 S 5 6.36900183002
24 E 2 13.3624744405
24 E 5 0.757437872969
11 S 2 7.02434727239
51 E 4 3.59047470124
31 N 2 -76.0835529443
31 N 3 -68.4085731917
31 N 4 -3.89485719352
43 E 2 -119.813644269
16 N 4 -45.7339927808
43 E 3 -69.7384654358
16 N 3 19.4519588698
16 N 2 0.209839110586
59 E 3 -73.758489844
13 S 5 -66.7813869436
13 S 4 -64.1258425744
59 E 2 10.1379696685
13 S 3 29.0799247753
13 S 2 -67.7697389144
40 N 4 -79.3293542762
57 S 4 10.6726669514
60 S 2 -80.2205700676
2 N 2 -1.43648079309
25 E 2 -69.748104147
25 E 3 12.8243998783
25 E 4 0.236368504004
25 E 5 1.15226040027
46 W 3 0.856837876965
46 W 2 8.08021758057
32 S 4 10.5745531339
32 S 5 -80.4299288889
32 S 2 -79.2755214724
32 S 3 -79.2934993864
36 S 4 -77.9127181649
46 W 4 0.143851236378
57 S 2 -66.3102525174
38 E 2 -69.0817903429
38 E 3 12.6930296796
38 E 4 -67.4359296114
38 E 5 -66.822028212
53 W 5 -62.528691116
52 S 2 -87.5548933871
52 S 3 -80.1750215297
52 S 4 8.98777186791
52 S 5 -79.7830112383
55 E 4 3.03097748286
53 W 4 -63.9618373294
2 E 2 0.0
2 E 3 12.4381304299
2 E 4 2.48738507416
58 S 2 1.21861000638
9 E 3 0.0
9 E 2 2.70141384304
9 E 5 11.9367499569
9 E 4 0.0
21 E 5 13.1335327419
21 E 4 3.68571816815
58 S 3 20.4750215916
3 N 2 15.4447693995
3 N 3 1.31361444545
3 N 4 1.32617904457
3 N 5 1.24576714858
21 E 2 3.35875746013
21 E 3 1.67550038942
40 E 5 14.2925405229
40 E 4 -46.878213789
40 E 3 -45.5768926199
40 E 2 -49.3842943657
4 W 4 0.0867481642928
4 W 5 2.61527290808
4 W 2 17.1615599465
4 W 3 2.33529115269
58 S 4 5.4366825065
44 E 3 -75.0499943371
58 S 5 3.53883846761
18 W 2 11.9882184529
18 W 3 2.24400861609
56 S 2 -77.2402452761
18 W 5 2.28029595924
7 W 5 4.98404201251
7 W 4 3.09861422717
7 W 3 11.5159883482
7 W 2 2.75519218843
8 N 3 5.97092831821
8 N 2 4.41844352886
51 E 2 -54.9066325529
8 N 5 11.3293749816
8 N 4 5.77980676301
12 S 2 -5.35681230876
58 W 4 -71.9690294039
45 W 2 11.1521785265
22 E 4 13.8648527538
45 W 4 -84.9286255343
45 W 5 -76.0215394578
2 S 4 17.7874572273
22 E 3 0.741304573405
59 N 4 1.83595227836
59 N 5 13.4364990566
59 N 2 1.0000430088
59 N 3 0.0
2 S 2 -0.237751292417
58 W 3 -77.0016256019
39 E 3 -61.3615802585
39 E 2 -64.9512986075
39 E 5 17.6441150781
39 E 4 -67.3015863589
55 S 5 -78.8890666711
55 S 4 7.07280213211
55 S 3 -86.8119976252
55 S 2 -80.9557342118
5 S 3 10.4487836701
5 S 2 0.759003943283
5 S 5 0.617329864028
5 S 4 0.690442957076
20 E 5 -0.664705815112
20 E 4 0.0
51 S 3 8.72045562417
55 E 5 3.59631724931
20 E 3 0.0
20 E 2 12.2795299041
53 N 4 3.0727607028
53 N 5 10.2378704814
53 N 2 -73.5859965276
53 N 3 0.421531768753
48 N 4 0.344506674986
48 N 5 11.3560937073
57 E 3 -73.0825629163
48 N 2 -78.0400834503
48 N 3 -60.1876880513
12 S 4 13.2032784211
12 S 5 -33.483131072
48 S 3 -79.8138348018
48 S 2 -80.3080509266
48 S 5 12.5416782822
48 S 4 -79.4317877033
27 E 4 -0.43364947317
12 S 3 -55.2058412123
56 N 3 11.6811033134
56 N 2 1.20633093965
56 N 5 0.996196662633
56 N 4 1.45776592162
57 E 2 -76.4638744232
8 W 2 4.36780702065
8 W 3 10.6295573946
8 W 4 5.95811978281
8 W 5 4.23755188354
14 N 5 0.74087450562
14 N 4 -0.60327102401
14 N 3 13.1829053794
14 N 2 0.0
49 S 2 -77.224902629
49 S 3 -79.7474837727
49 S 4 -78.965611381
49 S 5 11.4721505747
28 E 5 0.79632269921
28 E 4 15.8649202978
50 N 5 0.201429338609
44 W 2 0.205015245137
44 W 5 11.3479984241
50 N 2 0.0
51 S 5 -80.9849428182
28 E 2 1.28689313423
6 E 4 17.4479962559
6 E 5 4.68721439238
6 E 2 2.50514467405
6 E 3 4.92523874151
22 W 4 -5.00884369166
7 N 4 18.0989609121
53 S 2 -117.43075072
7 N 2 2.08710722109
7 N 3 0.110781786548
30 W 2 -48.1174118509
41 E 5 -70.9485790434
53 S 5 -82.9415318537
30 W 5 15.8233295503
1 E 3 0.0418501835524
1 E 2 7.52680724241
1 E 5 1.09790082496
1 E 4 -56.8829054961
26 E 3 0.570913746786
26 E 2 0.71037024954
59 W 5 -76.8790676234
59 W 4 -72.2917747365
59 W 3 9.59324543581
59 W 2 -80.1038069875
26 E 4 13.5451726541
28 N 4 -83.3288574619
11 E 3 0.0
11 E 2 1.52454707799
11 E 5 1.74950455157
11 E 4 15.8837086549
57 S 5 -58.8455821466
40 N 5 -0.640136713545
40 N 2 -0.279647346749
40 N 3 16.9348183899
3 S 5 10.6388522528
3 S 4 -1.84612715325
39 N 2 -3.57070729764
39 N 3 -11.7724011054
39 N 4 -9.17531303716
39 N 5 10.5208804471
3 S 3 -61.6100503853
3 S 2 -1.25670680129
22 E 5 2.1229355163
58 W 5 8.71089004026
58 W 2 -76.2212463931
22 E 2 0.0848801074622
18 N 3 14.6238824779
18 N 2 0.0290169003398
36 W 4 1.49276052458
36 W 5 11.9477789776
36 W 2 1.66523922427
36 W 3 1.35885603447
18 N 5 -0.654057391629
18 N 4 0.421993345504
10 E 2 0.0
10 E 3 4.77708696457
10 E 4 1.9529957358
10 E 5 11.4152190291
29 S 2 15.5609754247
29 S 3 -82.5065103333
29 S 4 -80.7915514589
29 S 5 -93.2843320676
44 W 4 -0.0289312112674
55 W 3 -76.6713087473
52 E 5 1.75920849712
23 E 4 -68.0587534214
13 N 3 2.83878329597
23 E 2 15.2038453647
23 E 3 0.0
42 S 3 -79.300553509
42 S 2 -76.2503599888
31 W 3 -49.3676219201
31 W 2 -65.1895746488
31 W 5 11.815672338
31 W 4 -64.1494587516
42 S 5 12.3431170774
42 S 4 -77.8814970701
52 E 4 0.0
58 E 3 -80.0561617197
45 W 3 -77.0600028768
14 E 4 17.0615559092
52 E 2 10.1604546554
34 N 2 -1.26520986234
14 E 2 0.221371814559
52 E 3 0.771572332852
19 N 2 11.4135155943
19 N 3 -67.5480028826
51 N 4 -70.6660129807
51 N 5 10.4585963437
35 E 3 -28.7227132085
35 E 2 -71.3486081811
19 N 4 0.35385812382
19 N 5 -0.629735866223
30 N 3 -65.7615792098
5 W 5 0.0
5 W 4 1.74292763963
5 W 3 10.2148540598
5 W 2 0.0
2 S 5 -2.57750692551
45 S 4 -76.9087499752
45 S 5 -81.2338045631
18 E 2 4.39054349075
18 E 3 2.93923165633
18 E 4 3.52183634141
18 E 5 13.0131119609
45 S 2 -79.5215752344
45 S 3 10.7760307422
48 W 4 12.1999746949
51 N 2 -49.8524069442
2 S 3 -0.543167455163
52 W 4 -34.9776367981
52 W 5 -76.7786100677
57 W 4 -78.9322838095
29 E 5 0.0720368996831
51 E 3 1.37394134965
52 W 2 0.0
52 W 3 11.6858912799
26 N 2 -1.27571219368
26 N 3 -75.160690314
26 N 4 -2.18882660912
26 N 5 23.7663330779
41 N 3 11.313295631
51 N 3 -75.0746962891
51 W 2 -77.7835606199
50 E 4 3.22197707018
50 E 5 11.2340397745
55 E 3 9.215905339
55 E 2 1.90844020013
46 S 3 9.48430009067
46 S 2 -80.8314325905
50 E 2 0.0
50 E 3 -78.7505515457
28 E 3 -70.7135866394
46 W 5 -0.977426336984
20 S 3 14.4971984814
20 S 2 1.29323242709
20 S 5 -57.7908562534
20 S 4 -68.5947642894
30 S 2 11.5374159065
51 W 5 13.1552071429
18 S 5 -66.7174184253
51 W 3 -55.1159673185
18 S 3 16.6108354827
57 E 4 8.96790016988
12 E 2 2.21167361941
12 E 3 4.45021816033
29 E 4 2.18508828214
12 E 4 3.64477436104
12 E 5 12.7762604334
34 S 2 -81.287932203
34 S 3 -81.0269102201
34 S 4 -79.9485418852
34 S 5 11.9166882982
3 E 3 -0.353778319192
3 E 2 11.7307978381
3 E 5 0.0
3 E 4 -2.30277709312
14 E 5 0.0
49 W 4 11.2616220449
49 W 5 -71.7563669275
56 W 5 10.9309529529
49 W 2 -63.2135750412
49 W 3 -77.4566401849
42 N 4 0.291793227791
42 N 5 0.00760176954557
42 N 2 0.633288523065
42 N 3 12.3864457048
14 E 3 2.19826464914
30 S 4 -86.6892735795
30 S 5 -80.9038332734
43 N 5 4.21467289529
43 N 4 -0.345545675959
43 N 3 0.786347368579
43 N 2 -1.32670184133
53 W 3 -67.7293800998
30 S 3 -80.1753664822
7 E 5 4.20737309148
7 E 4 12.1087146636
7 E 3 0.620334237427
7 E 2 0.0
40 S 2 -81.6052691734
41 S 2 -79.616811162
40 S 5 12.291494789
23 W 3 -0.704645940485
17 E 5 12.4947826699
40 S 4 -78.1530513902
41 W 4 11.4223142784
41 W 5 1.33912174254
34 E 4 -58.614076239
34 E 5 12.6317904307
34 E 2 -69.5940499538
34 E 3 -61.7628096032
41 W 2 0.212554843515
41 W 3 -61.1588732167
1 W 3 -9.2403651967
1 W 2 11.8207399929
35 N 4 0.062366688212
1 W 5 -40.5996440974
1 W 4 -10.6392787131
8 S 4 3.78388421481
8 S 2 2.65051279956
8 S 3 13.3114111958
13 E 3 17.6690335809
13 E 2 0.0
13 E 5 2.95309944743
13 E 4 0.115466172607
33 S 5 -79.6387390997
33 S 4 -78.2005583924
33 S 3 -81.5491305604
33 S 2 7.78850060602
35 N 5 -34.8809770183
19 E 3 11.7123613479
30 N 2 -73.9144942681
48 W 5 -74.7012837111
57 W 5 -74.0378349854
26 W 3 9.71926389782
48 W 3 -69.2860299046
48 W 2 -72.5571402127
19 W 3 20.0574854184
19 W 2 -55.0136167572
42 W 5 12.8432101948
42 W 4 -7.33779638831
42 W 3 1.82793057171
42 W 2 -15.4957383859
57 E 5 -50.7357069007
35 N 3 11.9536085346
22 N 4 -77.7737791012
22 N 5 11.15136492
22 N 2 -76.7220094901
22 N 3 -66.2438311154
22 S 3 -51.9726157753
22 S 2 0.876605692773
22 S 5 17.019827988
22 S 4 -66.532172743
54 W 2 -0.387606460927
54 W 3 11.5783975439
29 W 4 -72.2399889549
29 W 5 -69.4169660193
29 W 2 -67.6126006603
29 W 3 14.6852180524
54 W 5 -0.528762496879
11 W 3 11.9760867033
26 S 4 -64.6882598159
21 S 2 2.55216930763
21 S 3 3.69075860109
28 N 5 13.4214570898
21 S 4 -68.1265329227
21 S 5 16.4456104101
56 E 2 -39.7140005769
56 E 3 0.170725315475
33 W 5 -64.3753113074
56 E 4 1.94305864436
56 E 5 11.0990085024
49 N 5 -51.7139569504
49 N 4 0.416548059523
33 W 4 0.396179615102
49 N 3 0.459658526912
49 N 2 10.3525815194
26 S 3 -69.5256031084
23 S 2 -69.1386589012
16 E 5 0.0
23 S 4 -64.6940590026
16 E 3 0.581536764311
37 S 3 14.234767826
37 S 2 -83.6627384545
36 N 5 -28.1806123523
36 N 4 -76.6402397262
36 N 3 -58.9411432134
36 N 2 9.76599705317
37 S 5 -80.0755363424
37 S 4 -79.219009384
53 S 3 -79.1998658252
30 N 5 -77.4204704679
35 N 2 -1.64480622295
35 S 3 -65.8668004672
35 S 2 12.8485341595
35 S 5 -56.7630543307
35 S 4 -75.7032609042
35 W 4 -67.1459300834
20 N 4 -87.5910975768
20 N 5 -77.7384367737
20 N 2 -78.5654910373
20 N 3 13.2200460089
25 W 2 -31.8426963268
25 W 3 15.383251403
25 W 4 -0.0774018728631
25 W 5 0.90870087338
60 N 2 11.4352804229
17 E 4 2.26471577347
27 E 3 10.6733470403
39 W 3 -64.8843907493
39 W 2 13.6307196026
39 W 5 1.04533733341
39 W 4 -0.264420186561
31 S 5 10.99431716
31 S 4 -81.9558718866
31 S 3 -84.4430053646
31 S 2 -81.9942572597
60 N 3 1.00421618833
13 N 2 18.5277702184
58 N 4 -1.58442471332
13 N 4 1.81844303023
58 N 2 3.8499108238
9 W 3 1.13644402145
9 W 2 13.2282734502
17 E 3 0.763208948943
60 N 4 -0.927568381446
9 W 5 0.0
9 W 4 0.0
60 N 5 1.50999231188
47 W 2 -13.5908802129
47 W 3 17.2888465684
46 E 3 -52.4609519599
46 E 2 -56.9491924852
46 E 5 10.1839630027
46 E 4 -78.8263999802
47 W 4 -83.272075844
47 W 5 -1.24265061719
60 S 5 -77.0239588878
60 S 4 -77.8954162892
60 S 3 11.1943271957
43 W 4 -71.0019876924
17 E 2 1.5419287357
43 W 5 11.4548946469
27 E 2 -13.1480901328
24 N 4 12.2497167666
33 W 3 10.3077185041
15 S 3 22.6913575361
41 S 4 -69.9610126616
38 W 2 3.63964511991
38 W 3 3.57582622192
38 W 4 3.99742055512
38 W 5 16.8084577521
15 S 5 5.46420730608
56 S 3 -80.2428549754
31 N 5 14.3321064033
6 S 2 16.5470966758
6 S 3 1.64047125438
6 S 4 2.43037470188
6 S 5 1.08197592631
30 N 4 12.0197427392
35 E 5 -41.8275171471
28 N 2 -80.5180712278
52 N 5 5.72824469159
33 W 2 -52.0423871945
24 W 3 0.951865000029
24 W 2 14.886860242
24 W 5 1.8940527539
24 W 4 0.663721743408
28 S 3 -83.5860843938
28 S 2 12.6336665087
28 S 5 -84.1073949533
28 S 4 -83.034313291
36 S 2 -78.6724813086
52 N 4 4.47433371929
37 E 5 -75.5545967955
55 N 3 -76.4694296297
5 N 4 2.89170216353
5 N 5 2.14457158624
5 N 2 2.8841732773
5 N 3 14.5704581321
37 E 2 -76.0749557954
37 N 4 -76.0055414629
37 N 5 -79.9786712081
37 N 2 -72.4169541314
37 N 3 11.4965823647
16 E 2 15.3159107909
23 S 5 -66.3857231372
53 S 4 11.748492839
37 E 4 -74.6095893992
20 W 5 0.113028756321
18 W 4 2.21322623331
20 W 3 15.4047091971
20 W 2 0.881045664765
54 N 3 3.23885318805
54 N 2 10.245203836
54 N 5 4.40880142043
54 N 4 -79.5221679401
28 N 3 -86.8168291301
43 W 2 -62.9565809721
58 E 5 7.90513667904
2 N 3 -0.569176843976
26 W 2 1.87473096813
2 N 5 9.72175589198
2 N 4 -61.6390581837
34 W 4 0.0
34 W 5 -68.2415390288
40 W 3 -68.8386187675
34 W 2 14.1832779948
34 W 3 -65.1203812398
40 W 2 13.1048151743
43 W 3 -58.1057529296
58 E 2 -74.4988784798
26 S 2 16.2187531745
21 W 4 1.96262789233
21 W 5 16.6644981604
21 W 2 1.6504191445
21 W 3 1.72421000356
36 E 4 16.767569451
36 E 5 -57.2498243198
33 E 3 10.000372565
33 E 2 -0.406042753191
33 E 5 -47.7977909351
33 E 4 -2.45011574657
36 E 2 -62.1307315262
36 E 3 -59.9102482431
35 E 4 21.3374870992
58 E 4 -80.97817565
6 N 4 9.78983810909
27 W 2 -0.233761056886
27 W 3 -68.9915305249
27 W 4 -69.2765937162
27 W 5 13.4537014293
6 N 3 0.0
6 N 2 2.51796413292
55 N 2 12.0352266461
44 E 2 10.4763802342
37 W 5 0.0
37 W 4 11.5323443684
37 W 3 0.0
37 W 2 -2.83877820019
44 E 5 -38.4510072725
55 N 5 0.0
52 N 3 -75.9610047438
17 N 5 16.3939973214
38 N 3 -77.9917168742
44 E 4 -68.5903766588
38 N 5 -34.7759075663
55 N 4 3.55084254723
17 N 2 0.0805444403193
17 N 3 0.511388783801
17 N 4 -1.02071958485
17 S 3 -53.940334328
17 S 2 -47.8869548081
17 S 5 21.4790629168
17 S 4 -63.0800225435
26 W 4 2.43780650633
41 N 4 -0.591862481584
54 E 2 5.13821927486
54 E 3 12.8951483185
54 E 4 5.37776731263
52 N 2 5.76533767023
41 N 2 -0.933218578701
37 E 3 11.6981190327
46 S 5 -82.8256720977
38 N 4 17.6463800655
46 S 4 -79.7091957968
14 S 2 -68.7104702538
23 W 5 -49.050555052
24 E 3 0.0569434413651
14 S 4 -55.1630594836
14 S 5 -69.5400860724
45 E 2 -60.5190390062
45 E 3 11.7965106591
57 N 2 5.37490557267
57 N 3 4.33565481537
57 N 4 14.7829042411
57 N 5 -0.399142119275
45 E 4 -78.2291637022
45 E 5 -68.9620760454
11 N 2 2.82330669265
11 S 3 103.647815821
44 S 5 17.286101418
11 N 4 2.50767099149
24 E 4 2.03844738499
39 S 5 10.4637247383
39 S 4 -78.0679018874
16 S 2 1.15501611233
16 S 3 19.4637984485
16 S 4 -59.5975401829
16 S 5 0.0
39 S 3 -76.8548179064
41 S 3 15.6084136457
47 N 3 16.1272767667
47 N 2 -75.3414006698
29 N 5 -78.6406761934
29 N 4 9.64482566435
29 N 3 -80.8241705758
29 N 2 -79.4849628953
47 N 5 -77.5683511942
47 N 4 -70.8202049041
44 S 4 -82.6391429693
1 S 5 5.13335485779
1 S 4 8.22549947609
1 S 3 7.47553383936
1 S 2 11.3499390968
2 W 5 8.25418851784
23 S 3 16.5119821812
59 E 5 -0.789110715977
1 N 3 -22.1611675347
24 N 2 -1.68313027247
1 N 4 11.4105668923
1 N 5 -58.1765634443
50 S 2 -77.8642090455
50 S 3 -81.0075140612
54 S 4 3.79200933519
54 S 5 -80.7912995069
54 S 2 -80.4241833897
54 S 3 -78.921647612
50 S 4 11.0279929693
50 S 5 -80.9085691976
25 N 3 -2.04256018902
25 N 2 13.1069616552
15 N 4 0.968524642675
15 N 5 0.982444667844
15 N 2 -64.9920643381
15 N 3 12.6644100379
25 N 5 -14.6646540442
25 N 4 -3.50034748991
9 S 4 20.944222047
10 W 2 12.5187670305
24 N 3 -6.65212622064
41 N 5 -66.0017155983
19 S 4 23.0912105491
19 S 3 -65.8004174625
19 S 2 -66.1557929476
51 S 2 -78.4898994985
39 S 2 -79.7308961549
44 W 3 -0.855195637935
15 E 5 20.4097326747
50 N 4 -20.3750301867
51 S 4 -78.2992358711
15 E 4 0.847798435378
22 W 5 16.2248114059
50 N 3 12.5977254915
22 W 3 -0.699210627832
22 W 2 -41.491962004
31 E 3 15.9961310584
31 E 2 -25.9436929787
28 W 5 -64.5691874134
28 W 4 12.0828641621
28 W 3 -65.8117495579
28 W 2 -53.3149843626
31 E 5 -0.00992830030428
31 E 4 0.703070864605
27 N 3 -69.9421639944
27 N 2 -75.6577901483
27 N 5 -77.7723410469
27 N 4 8.4630025281
15 E 3 -1.01050755692
15 E 2 1.15993844136
35 W 5 11.3060325387
11 N 5 2.51164044554
32 W 2 0.700729799008
32 W 3 -19.5085877769
47 E 2 -75.8011330383
47 E 3 -77.98966356
47 E 4 10.4130507373
47 E 5 -64.7730180495
32 W 4 16.1982684133
32 W 5 -18.5299085457
6 W 4 0.448884354909
18 S 4 -70.093424393
6 W 2 0.0
6 W 3 9.27600869468
18 S 2 -67.2743628767
24 S 5 -54.095327658
24 S 4 -53.6947666515
24 S 3 -57.5616853486
24 S 2 21.1366929641
44 S 3 -79.4262262806
30 E 2 -50.967812129
30 E 3 13.3764433573
30 E 4 -65.8059105723
30 E 5 -42.2352758361
23 N 5 9.79379651208
23 N 4 0.0
23 N 3 0.172380791337
23 N 2 -52.5700519832
9 N 2 18.5039966803
9 N 3 0.0
9 N 4 0.0
9 N 5 0.0
26 S 5 -67.959346791
11 W 2 1.83044054812
44 S 2 -79.8993569587
11 W 5 5.25339268709
11 W 4 3.93130242731
4 S 2 -1.21581096092
4 S 3 10.8826727859
4 S 4 -45.5432902895
4 S 5 -57.0953078175
23 W 4 -2.92028290091
14 S 3 -74.4707596098
25 S 4 -40.4745003363
25 S 5 -61.2199827165
25 S 2 -69.2415126954
25 S 3 13.6366517498
15 S 2 1.07942164284
55 W 2 9.95993745702
47 S 4 -80.6958293383
47 S 5 12.1618432487
47 S 2 -81.3079414606
47 S 3 -83.4217416643
55 W 5 0.16661379951
55 W 4 -70.1176713694
40 W 5 2.16195074233
24 N 5 -1.68217218676
23 W 2 20.7516107136
38 S 4 -78.1468272636
38 S 5 -79.5649406861
15 W 5 0.0
15 W 4 13.4812353315
40 S 3 -79.3538988205
15 W 2 -51.0821076525
38 S 2 19.6530355954
38 S 3 -78.2438195728
38 N 2 -37.2917369383
2 W 2 -0.514615855784
2 W 3 -5.76812557761
2 W 4 -20.9712455213
41 E 4 10.5688065012
57 S 3 1.32001221107
30 W 3 -62.6043446677
9 S 3 2.03746469403
9 S 2 6.06499238846
41 E 2 -59.6642088627
13 W 3 1.72009190036
13 W 2 3.36242814237
13 W 5 12.7408880959
13 W 4 3.1416942333
53 W 2 9.46523247601
41 E 3 -69.8175937272
19 E 2 0.00942595420403
4 E 4 1.01434591849
4 E 5 -43.6697611283
41 S 5 -80.0019819284
4 E 2 0.583567172016
4 E 3 16.6346824514
11 N 3 18.9259573633
14 W 4 16.4348089125
14 W 2 2.37344358314
14 W 3 1.87949861776
